lastAccountName: vu06m6
timestamps:
  login: 1586365588050
  logout: 1586369798940
ipAddress: 36.229.50.97
lastlocation:
  world: world
  x: 212.0
  y: 65.0
  z: 271.0
  yaw: 0.0
  pitch: 0.0
logoutlocation:
  world: world
  x: 774.354256638635
  y: 55.0
  z: 705.5960290243227
  yaw: 38.426514
  pitch: 19.799023
