lastAccountName: vu06m6
timestamps:
  login: 1586365588050
  logout: 1586265921519
ipAddress: 36.229.50.97
lastlocation:
  world: world
  x: 212.0
  y: 65.0
  z: 271.0
  yaw: 0.0
  pitch: 0.0
logoutlocation:
  world: world
  x: 775.2683624102837
  y: 55.0
  z: 702.2236807710423
  yaw: 261.8105
  pitch: -9.749865
