lastAccountName: vu06m6
timestamps:
  login: 1586706824126
  logout: 1586715048251
ipAddress: 111.241.19.236
lastlocation:
  world: world
  x: 212.0
  y: 65.0
  z: 271.0
  yaw: 0.0
  pitch: 0.0
logoutlocation:
  world: world
  x: 739.6311211574761
  y: 50.0
  z: 714.6496176053294
  yaw: 184.16357
  pitch: -1.8010448
