lastAccountName: vu06m6
timestamps:
  login: 1586099918095
  logout: 1586115710394
ipAddress: 118.165.126.237
lastlocation:
  world: world
  x: 212.0
  y: 65.0
  z: 271.0
  yaw: 0.0
  pitch: 0.0
logoutlocation:
  world: world
  x: 776.1562656053883
  y: 55.0
  z: 706.7157287545123
  yaw: 98.74182
  pitch: 13.499916
