lastAccountName: vu06m6
timestamps:
  login: 1591722437477
  logout: 1591724116633
  lastteleport: 1591723548714
ipAddress: 111.241.17.203
lastlocation:
  world: world
  x: 780.5
  y: 55.0000002
  z: 708.5
  yaw: 88.199875
  pitch: 15.749992
logoutlocation:
  world: world
  x: 774.7322176809798
  y: 55.0
  z: 711.1364529849938
  yaw: 2.845459
  pitch: 16.0507
