lastAccountName: vu06m6
timestamps:
  login: 1588365144941
  logout: 1588365559113
ipAddress: 118.165.121.87
lastlocation:
  world: world
  x: 212.0
  y: 65.0
  z: 271.0
  yaw: 0.0
  pitch: 0.0
logoutlocation:
  world: world
  x: 760.9251016920622
  y: 55.0
  z: 709.0497010611065
  yaw: 80.97127
  pitch: 20.100609
