lastAccountName: vu06m6
timestamps:
  login: 1586793990771
  logout: 1586794183218
ipAddress: 111.249.16.91
lastlocation:
  world: world
  x: 212.0
  y: 65.0
  z: 271.0
  yaw: 0.0
  pitch: 0.0
logoutlocation:
  world: world
  x: 750.1276298946141
  y: 50.0
  z: 708.6128412211372
  yaw: 261.08698
  pitch: 3.8987398
