lastAccountName: vu06m6
timestamps:
  login: 1591290361921
  logout: 1591291728093
ipAddress: 111.241.16.181
lastlocation:
  world: world
  x: 212.0
  y: 65.0
  z: 271.0
  yaw: 0.0
  pitch: 0.0
logoutlocation:
  world: world
  x: 527.1335792277612
  y: 76.0
  z: 1508.825463458335
  yaw: 164.2522
  pitch: 25.80177
