lastAccountName: vu06m6
timestamps:
  login: 1586882055248
  logout: 1586882282177
ipAddress: 36.229.55.81
lastlocation:
  world: world
  x: 212.0
  y: 65.0
  z: 271.0
  yaw: 0.0
  pitch: 0.0
logoutlocation:
  world: world
  x: 745.8888770563082
  y: 50.0
  z: 703.2701768600334
  yaw: 28.610434
  pitch: 19.949602
