lastAccountName: LRIC_MOON
timestamps:
  login: 1589200134051
  logout: 1589126597919
  lastteleport: 1589123825336
ipAddress: 123.194.147.86
lastlocation:
  world: world
  x: -689.5
  y: 66.0000002
  z: 151.5
  yaw: 145.79999
  pitch: 24.900003
logoutlocation:
  world: world
  x: -738.3539565380125
  y: 67.0
  z: 94.05497829960058
  yaw: -79.39711
  pitch: 33.296146
homes:
  home:
    world: world
    x: -691.3549273775886
    y: 62.0
    z: 150.07868964770014
    yaw: 129.24152
    pitch: 22.19974
afk: true
