lastAccountName: LRIC_MOON
timestamps:
  login: 1587991659021
  logout: 1587998814781
  lastteleport: 1587882422912
ipAddress: 123.194.147.86
lastlocation:
  world: world
  x: -730.9748280130774
  y: 63.0
  z: -23.413374488469053
  yaw: 157.51126
  pitch: -61.9503
logoutlocation:
  world: world
  x: -686.6055708096892
  y: 63.0
  z: 162.61437342030632
  yaw: 73.40612
  pitch: 20.3996
homes:
  home:
    world: world
    x: -691.3549273775886
    y: 62.0
    z: 150.07868964770014
    yaw: 129.24152
    pitch: 22.19974
afk: false
