lastAccountName: LRIC_MOON
timestamps:
  login: 1588398961767
  logout: 1588400159870
  lastteleport: 1587882422912
ipAddress: 118.168.6.85
lastlocation:
  world: world
  x: -690.9254552803645
  y: 60.90290000319481
  z: 147.89585581107224
  yaw: 265.199
  pitch: 1.2000002
logoutlocation:
  world: world
  x: 1392.2697030092352
  y: 66.0
  z: -759.3431706423327
  yaw: -12.393188
  pitch: 32.700253
homes:
  home:
    world: world
    x: -691.3549273775886
    y: 62.0
    z: 150.07868964770014
    yaw: 129.24152
    pitch: 22.19974
afk: false
