lastAccountName: LRIC_MOON
timestamps:
  login: 1587868505612
  logout: 1587916643747
  lastteleport: 1587882422912
ipAddress: 123.194.147.86
lastlocation:
  world: world
  x: -752.7944283640355
  y: 51.0
  z: 3.699999988079066
  yaw: -199.86938
  pitch: 21.44992
logoutlocation:
  world: world
  x: -685.5124999880791
  y: 63.0
  z: 150.81838103188258
  yaw: -261.16223
  pitch: 47.09904
homes:
  home:
    world: world
    x: -691.3549273775886
    y: 62.0
    z: 150.07868964770014
    yaw: 129.24152
    pitch: 22.19974
afk: false
