lastAccountName: LRIC_MOON
timestamps:
  login: 1590914147775
  logout: 1590930887987
  lastteleport: 1590927492239
ipAddress: 123.194.147.86
lastlocation:
  world: world
  x: -684.520559234392
  y: 62.9375
  z: 155.71036397665605
  yaw: -19.79892
  pitch: 9.149942
logoutlocation:
  world: world
  x: -689.2502897516131
  y: 66.0
  z: 152.69999998807907
  yaw: -43.9209
  pitch: 28.94917
homes:
  home:
    world: world
    x: -691.3549273775886
    y: 62.0
    z: 150.07868964770014
    yaw: 129.24152
    pitch: 22.19974
afk: false
