lastAccountName: LRIC_MOON
timestamps:
  login: 1591166947727
  logout: 1590930887987
  lastteleport: 1591173437702
ipAddress: 123.194.147.86
lastlocation:
  world: world
  x: -685.2194144881383
  y: 62.9375
  z: 155.9724542291311
  yaw: 347.49222
  pitch: 8.549765
logoutlocation:
  world: world
  x: -689.2502897516131
  y: 66.0
  z: 152.69999998807907
  yaw: -43.9209
  pitch: 28.94917
homes:
  home:
    world: world
    x: -691.3549273775886
    y: 62.0
    z: 150.07868964770014
    yaw: 129.24152
    pitch: 22.19974
afk: false
