lastAccountName: LRIC_MOON
timestamps:
  login: 1587786169922
  logout: 1587738630205
  lastteleport: 1587801478290
ipAddress: 123.194.147.86
lastlocation:
  world: world
  x: -708.2142803477022
  y: 65.20000004768372
  z: -12.275823371408592
  yaw: -259.86578
  pitch: 14.24982
logoutlocation:
  world: world
  x: -687.9999294627174
  y: 62.0
  z: 150.73190774648924
  yaw: 296.94385
  pitch: 31.199797
homes:
  home:
    world: world
    x: -691.3549273775886
    y: 62.0
    z: 150.07868964770014
    yaw: 129.24152
    pitch: 22.19974
afk: false
