lastAccountName: LRIC_MOON
timestamps:
  login: 1588505106605
  logout: 1588498215105
  lastteleport: 1587882422912
ipAddress: 123.194.147.86
lastlocation:
  world: world
  x: -690.9254552803645
  y: 60.90290000319481
  z: 147.89585581107224
  yaw: 265.199
  pitch: 1.2000002
logoutlocation:
  world: world
  x: 1320.9972566310942
  y: 65.0
  z: -726.5072769045884
  yaw: -168.56409
  pitch: 33.748993
homes:
  home:
    world: world
    x: -691.3549273775886
    y: 62.0
    z: 150.07868964770014
    yaw: 129.24152
    pitch: 22.19974
afk: true
