lastAccountName: LRIC_MOON
timestamps:
  login: 1590914147775
  logout: 1590914145818
  lastteleport: 1590921246376
ipAddress: 123.194.147.86
lastlocation:
  world: world
  x: -735.0954962692437
  y: 71.0
  z: 93.20863722632468
  yaw: -155.54999
  pitch: 34.799995
logoutlocation:
  world: world
  x: -736.1519910335816
  y: 71.0
  z: 94.07172886859063
  yaw: -16.950077
  pitch: 34.199924
homes:
  home:
    world: world
    x: -691.3549273775886
    y: 62.0
    z: 150.07868964770014
    yaw: 129.24152
    pitch: 22.19974
afk: false
