lastAccountName: LRIC_MOON
timestamps:
  login: 1588505106605
  logout: 1588515996219
  lastteleport: 1588515073641
ipAddress: 123.194.147.86
lastlocation:
  world: world
  x: 1394.5
  y: 64.0000002
  z: -700.5
  yaw: 68.55002
  pitch: 13.650003
logoutlocation:
  world: world
  x: -700.0672806559214
  y: 64.0
  z: 167.59016067556274
  yaw: -73.8801
  pitch: 14.849937
homes:
  home:
    world: world
    x: -691.3549273775886
    y: 62.0
    z: 150.07868964770014
    yaw: 129.24152
    pitch: 22.19974
afk: false
