lastAccountName: LRIC_MOON
timestamps:
  login: 1588987092169
  logout: 1589014833303
  lastteleport: 1589013169516
ipAddress: 123.194.147.86
lastlocation:
  world: world
  x: 1394.5
  y: 64.0000002
  z: -700.5
  yaw: 161.69997
  pitch: 26.850002
logoutlocation:
  world: world
  x: -688.0093562317562
  y: 66.5625
  z: 151.32921845837518
  yaw: 299.105
  pitch: 25.950102
homes:
  home:
    world: world
    x: -691.3549273775886
    y: 62.0
    z: 150.07868964770014
    yaw: 129.24152
    pitch: 22.19974
afk: false
