lastAccountName: LRIC_MOON
timestamps:
  login: 1589552738394
  logout: 1589559016352
  lastteleport: 1589558420225
ipAddress: 123.194.147.86
lastlocation:
  world: world
  x: -1303.2950141339018
  y: 66.0
  z: -348.03541779461494
  yaw: -19.548492
  pitch: 15.89983
logoutlocation:
  world: world
  x: -721.2974508711584
  y: 71.85433273803342
  z: 105.51556829290212
  yaw: -218.40198
  pitch: 25.349476
homes:
  home:
    world: world
    x: -691.3549273775886
    y: 62.0
    z: 150.07868964770014
    yaw: 129.24152
    pitch: 22.19974
afk: false
