lastAccountName: LRIC_MOON
timestamps:
  login: 1589380061816
  logout: 1589382161645
  lastteleport: 1589381863068
ipAddress: 123.194.147.86
lastlocation:
  world: world
  x: -1084.300000011921
  y: 51.0
  z: -636.7003026356754
  yaw: -66.900024
  pitch: 32.249725
logoutlocation:
  world: world
  x: -687.5207129991667
  y: 62.0
  z: 151.20842051911958
  yaw: 245.85022
  pitch: 9.299914
homes:
  home:
    world: world
    x: -691.3549273775886
    y: 62.0
    z: 150.07868964770014
    yaw: 129.24152
    pitch: 22.19974
afk: false
