lastAccountName: LRIC_MOON
timestamps:
  login: 1590852666705
  logout: 1590585283201
  lastteleport: 1589682699371
ipAddress: 123.194.147.86
lastlocation:
  world: world
  x: -194.5453356386842
  y: 56.02154877332732
  z: -152.87521783947312
  yaw: -320.1704
  pitch: 9.449872
logoutlocation:
  world: world
  x: -687.9726598528983
  y: 62.0
  z: 150.93847736581063
  yaw: -44.84726
  pitch: 17.699694
homes:
  home:
    world: world
    x: -691.3549273775886
    y: 62.0
    z: 150.07868964770014
    yaw: 129.24152
    pitch: 22.19974
afk: false
