lastAccountName: LRIC_MOON
timestamps:
  login: 1590896967317
  logout: 1590906098354
  lastteleport: 1590905825177
ipAddress: 123.194.147.86
lastlocation:
  world: world
  x: -741.7719649747321
  y: 69.18096571689459
  z: 106.71863336762058
  yaw: 42.600006
  pitch: 8.550031
logoutlocation:
  world: world
  x: -685.8846604844873
  y: 63.0
  z: 149.9875000119209
  yaw: -58.311035
  pitch: 11.6993265
homes:
  home:
    world: world
    x: -691.3549273775886
    y: 62.0
    z: 150.07868964770014
    yaw: 129.24152
    pitch: 22.19974
afk: false
