lastAccountName: LRIC_MOON
timestamps:
  login: 1589024827678
  logout: 1589029604691
  lastteleport: 1589013169516
ipAddress: 123.194.147.86
lastlocation:
  world: world
  x: 1394.5
  y: 64.0000002
  z: -700.5
  yaw: 161.69997
  pitch: 26.850002
logoutlocation:
  world: world
  x: -687.5721473873426
  y: 61.0
  z: 147.41822166316695
  yaw: -190.1753
  pitch: 43.799114
homes:
  home:
    world: world
    x: -691.3549273775886
    y: 62.0
    z: 150.07868964770014
    yaw: 129.24152
    pitch: 22.19974
afk: false
