lastAccountName: LRIC_MOON
timestamps:
  login: 1587786169922
  logout: 1587738630205
  lastteleport: 1587796602039
ipAddress: 123.194.147.86
lastlocation:
  world: world
  x: -691.3549273775886
  y: 62.0
  z: 150.07868964770014
  yaw: 130.74156
  pitch: -41.399998
logoutlocation:
  world: world
  x: -687.9999294627174
  y: 62.0
  z: 150.73190774648924
  yaw: 296.94385
  pitch: 31.199797
homes:
  home:
    world: world
    x: -691.3549273775886
    y: 62.0
    z: 150.07868964770014
    yaw: 129.24152
    pitch: 22.19974
afk: false
