lastAccountName: LRIC_MOON
timestamps:
  login: 1588311254321
  logout: 1587998814781
  lastteleport: 1587882422912
ipAddress: 27.246.10.246
lastlocation:
  world: world
  x: -690.9254552803645
  y: 60.90290000319481
  z: 147.89585581107224
  yaw: 265.199
  pitch: 1.2000002
logoutlocation:
  world: world
  x: -686.6055708096892
  y: 63.0
  z: 162.61437342030632
  yaw: 73.40612
  pitch: 20.3996
homes:
  home:
    world: world
    x: -691.3549273775886
    y: 62.0
    z: 150.07868964770014
    yaw: 129.24152
    pitch: 22.19974
afk: false
