lastAccountName: LRIC_MOON
timestamps:
  login: 1588345420476
  logout: 1588324009683
  lastteleport: 1587882422912
ipAddress: 27.246.10.246
lastlocation:
  world: world
  x: -690.9254552803645
  y: 60.90290000319481
  z: 147.89585581107224
  yaw: 265.199
  pitch: 1.2000002
logoutlocation:
  world: world
  x: -690.3000000119209
  y: 63.5625
  z: 148.30000001192093
  yaw: -324.5404
  pitch: 40.05029
homes:
  home:
    world: world
    x: -691.3549273775886
    y: 62.0
    z: 150.07868964770014
    yaw: 129.24152
    pitch: 22.19974
afk: true
