lastAccountName: LRIC_MOON
timestamps:
  login: 1590914147775
  logout: 1590914145818
  lastteleport: 1590918121876
ipAddress: 123.194.147.86
lastlocation:
  world: world
  x: -699.955660764566
  y: 72.0
  z: 118.30000001192093
  yaw: 123.90207
  pitch: 14.099945
logoutlocation:
  world: world
  x: -736.1519910335816
  y: 71.0
  z: 94.07172886859063
  yaw: -16.950077
  pitch: 34.199924
homes:
  home:
    world: world
    x: -691.3549273775886
    y: 62.0
    z: 150.07868964770014
    yaw: 129.24152
    pitch: 22.19974
afk: false
