lastAccountName: LRIC_MOON
timestamps:
  login: 1587868505612
  logout: 1587831648117
  lastteleport: 1587882422912
ipAddress: 123.194.147.86
lastlocation:
  world: world
  x: -752.7944283640355
  y: 51.0
  z: 3.699999988079066
  yaw: -199.86938
  pitch: 21.44992
logoutlocation:
  world: world
  x: -688.071277453572
  y: 67.0
  z: 151.57039231949744
  yaw: -259.06934
  pitch: 26.849642
homes:
  home:
    world: world
    x: -691.3549273775886
    y: 62.0
    z: 150.07868964770014
    yaw: 129.24152
    pitch: 22.19974
afk: true
