lastAccountName: LRIC_MOON
timestamps:
  login: 1589287592206
  logout: 1589294405312
  lastteleport: 1589293953591
ipAddress: 123.194.147.86
lastlocation:
  world: world
  x: -688.5648003218367
  y: 62.0
  z: 148.89602631569355
  yaw: 174.69203
  pitch: 76.49972
logoutlocation:
  world: world
  x: -1251.826282961799
  y: 96.40761011658537
  z: -711.5086722948678
  yaw: 218.70227
  pitch: 45.59944
homes:
  home:
    world: world
    x: -691.3549273775886
    y: 62.0
    z: 150.07868964770014
    yaw: 129.24152
    pitch: 22.19974
afk: false
