lastAccountName: LRIC_MOON
timestamps:
  login: 1587786169922
  logout: 1587831648117
  lastteleport: 1587825058238
ipAddress: 123.194.147.86
lastlocation:
  world: world
  x: 1381.5
  y: 64.0000002
  z: -720.5
  yaw: 19.499996
  pitch: 7.350003
logoutlocation:
  world: world
  x: -688.071277453572
  y: 67.0
  z: 151.57039231949744
  yaw: -259.06934
  pitch: 26.849642
homes:
  home:
    world: world
    x: -691.3549273775886
    y: 62.0
    z: 150.07868964770014
    yaw: 129.24152
    pitch: 22.19974
afk: false
