lastAccountName: LRIC_MOON
timestamps:
  login: 1587737877853
  logout: 1587738630205
ipAddress: 123.194.147.86
lastlocation:
  world: world
  x: 212.0
  y: 65.0
  z: 271.0
  yaw: 0.0
  pitch: 0.0
logoutlocation:
  world: world
  x: -687.9999294627174
  y: 62.0
  z: 150.73190774648924
  yaw: 296.94385
  pitch: 31.199797
