lastAccountName: LRIC_MOON
timestamps:
  login: 1588987092169
  logout: 1588984573890
  lastteleport: 1588515073641
ipAddress: 123.194.147.86
lastlocation:
  world: world
  x: -766.5888660829901
  y: 67.62611552405195
  z: 131.619542831221
  yaw: 107.74695
  pitch: 69.449814
logoutlocation:
  world: world
  x: -726.9877879390125
  y: 63.0
  z: 169.55757989090822
  yaw: -308.17776
  pitch: 13.199844
homes:
  home:
    world: world
    x: -691.3549273775886
    y: 62.0
    z: 150.07868964770014
    yaw: 129.24152
    pitch: 22.19974
afk: true
