lastAccountName: LRIC_MOON
timestamps:
  login: 1591534024237
  logout: 1591541040795
  lastteleport: 1591537405070
ipAddress: 123.194.147.86
lastlocation:
  world: world
  x: -722.5
  y: 67.0000002
  z: 98.5
  yaw: -1.2000002
  pitch: -9.750001
logoutlocation:
  world: world
  x: -726.0424976842158
  y: 63.0
  z: 104.36311664251092
  yaw: -58.05249
  pitch: 16.499914
homes:
  home:
    world: world
    x: -691.3549273775886
    y: 62.0
    z: 150.07868964770014
    yaw: 129.24152
    pitch: 22.19974
afk: false
