lastAccountName: LRIC_MOON
timestamps:
  login: 1589200134051
  logout: 1589210288749
  lastteleport: 1589123825336
ipAddress: 123.194.147.86
lastlocation:
  world: world
  x: -689.5
  y: 66.0000002
  z: 151.5
  yaw: 145.79999
  pitch: 24.900003
logoutlocation:
  world: world
  x: -726.3000000119209
  y: 67.0
  z: 95.7410136943031
  yaw: -300.4911
  pitch: 12.749787
homes:
  home:
    world: world
    x: -691.3549273775886
    y: 62.0
    z: 150.07868964770014
    yaw: 129.24152
    pitch: 22.19974
afk: false
