lastAccountName: LRIC_MOON
timestamps:
  login: 1589039080575
  logout: 1589040924493
  lastteleport: 1589040504715
ipAddress: 123.194.147.86
lastlocation:
  world: world
  x: -161.4625921703521
  y: 37.0
  z: -964.68428926684
  yaw: -178.5464
  pitch: 19.050024
logoutlocation:
  world: world
  x: -741.6999999880791
  y: 64.0
  z: 134.63385528621126
  yaw: -68.99573
  pitch: 25.649906
homes:
  home:
    world: world
    x: -691.3549273775886
    y: 62.0
    z: 150.07868964770014
    yaw: 129.24152
    pitch: 22.19974
afk: false
