lastAccountName: LRIC_MOON
timestamps:
  login: 1593871397346
  logout: 1593877718433
  lastteleport: 1591537405070
ipAddress: 123.194.147.86
lastlocation:
  world: world
  x: 217.39541389760254
  y: 67.0
  z: 263.69999998807907
  yaw: 20.936235
  pitch: -18.600006
logoutlocation:
  world: world
  x: -735.8644099464549
  y: 67.0
  z: 94.10875778792482
  yaw: 335.1001
  pitch: 16.499992
homes:
  home:
    world: world
    x: -691.3549273775886
    y: 62.0
    z: 150.07868964770014
    yaw: 129.24152
    pitch: 22.19974
afk: false
