lastAccountName: LRIC_MOON
timestamps:
  login: 1596202482735
  logout: 1596202851568
  lastteleport: 1591537405070
ipAddress: 123.194.147.86
lastlocation:
  world: world
  x: 217.39541389760254
  y: 67.0
  z: 263.69999998807907
  yaw: 20.936235
  pitch: -18.600006
logoutlocation:
  world: world
  x: -730.4245966788438
  y: 63.0
  z: 112.76961656272798
  yaw: 177.00017
  pitch: 11.2501135
homes:
  home:
    world: world
    x: -691.3549273775886
    y: 62.0
    z: 150.07868964770014
    yaw: 129.24152
    pitch: 22.19974
afk: false
