lastAccountName: LRIC_MOON
timestamps:
  login: 1592052537792
  logout: 1592052844751
  lastteleport: 1591537405070
ipAddress: 123.194.147.86
lastlocation:
  world: world
  x: -722.5
  y: 67.0000002
  z: 98.5
  yaw: -1.2000002
  pitch: -9.750001
logoutlocation:
  world: world
  x: -737.2764730658408
  y: 67.5625
  z: 102.30972564980064
  yaw: -332.25818
  pitch: 32.99988
homes:
  home:
    world: world
    x: -691.3549273775886
    y: 62.0
    z: 150.07868964770014
    yaw: 129.24152
    pitch: 22.19974
afk: false
