lastAccountName: LRIC_MOON
timestamps:
  login: 1604800215839
  logout: 1604801799705
  lastteleport: 1591537405070
ipAddress: 123.194.147.86
lastlocation:
  world: world
  x: 217.39541389760254
  y: 67.0
  z: 263.69999998807907
  yaw: 20.936235
  pitch: -18.600006
logoutlocation:
  world: world
  x: -135.6837239818
  y: 69.0
  z: -68.76703632345196
  yaw: -326.24756
  pitch: 27.599823
homes:
  home:
    world: world
    x: -691.3549273775886
    y: 62.0
    z: 150.07868964770014
    yaw: 129.24152
    pitch: 22.19974
afk: false
