lastAccountName: LRIC_MOON
timestamps:
  login: 1590300202768
  logout: 1590229989630
  lastteleport: 1589682699371
ipAddress: 123.194.147.86
lastlocation:
  world: world
  x: -1398.8174055752006
  y: 124.40760274442864
  z: -239.33979236356168
  yaw: -310.39166
  pitch: 48.899933
logoutlocation:
  world: world
  x: -740.1374999880791
  y: 67.0
  z: 94.47072030622563
  yaw: -86.62244
  pitch: 20.99946
homes:
  home:
    world: world
    x: -691.3549273775886
    y: 62.0
    z: 150.07868964770014
    yaw: 129.24152
    pitch: 22.19974
afk: false
