lastAccountName: LRIC_MOON
timestamps:
  login: 1590211334420
  logout: 1590068401290
  lastteleport: 1589682699371
ipAddress: 123.194.147.86
lastlocation:
  world: world
  x: -1398.8174055752006
  y: 124.40760274442864
  z: -239.33979236356168
  yaw: -310.39166
  pitch: 48.899933
logoutlocation:
  world: world
  x: -737.0314347766115
  y: 71.0
  z: 99.66495306650424
  yaw: -359.90308
  pitch: 41.849533
homes:
  home:
    world: world
    x: -691.3549273775886
    y: 62.0
    z: 150.07868964770014
    yaw: 129.24152
    pitch: 22.19974
afk: true
