lastAccountName: LRIC_MOON
timestamps:
  login: 1587991659021
  logout: 1587916643747
  lastteleport: 1587882422912
ipAddress: 123.194.147.86
lastlocation:
  world: world
  x: -730.9748280130774
  y: 63.0
  z: -23.413374488469053
  yaw: 157.51126
  pitch: -61.9503
logoutlocation:
  world: world
  x: -685.5124999880791
  y: 63.0
  z: 150.81838103188258
  yaw: -261.16223
  pitch: 47.09904
homes:
  home:
    world: world
    x: -691.3549273775886
    y: 62.0
    z: 150.07868964770014
    yaw: 129.24152
    pitch: 22.19974
afk: false
