lastAccountName: LRIC_MOON
timestamps:
  login: 1590896967317
  logout: 1590855137461
  lastteleport: 1589682699371
ipAddress: 123.194.147.86
lastlocation:
  world: world
  x: -718.426424302348
  y: 63.0
  z: -20.587573930074345
  yaw: -269.55933
  pitch: 9.300047
logoutlocation:
  world: world
  x: -734.3891994492536
  y: 67.0
  z: 97.30000001192093
  yaw: -146.24536
  pitch: 42.149982
homes:
  home:
    world: world
    x: -691.3549273775886
    y: 62.0
    z: 150.07868964770014
    yaw: 129.24152
    pitch: 22.19974
afk: false
