lastAccountName: ShortKYO
timestamps:
  login: 1589043351121
  lastteleport: 1588255416018
  logout: 1589047676151
ipAddress: 220.136.48.130
lastlocation:
  world: world
  x: -293.2823571058818
  y: 94.25109276166907
  z: -870.248845487273
  yaw: -194.03607
  pitch: 31.50031
homes:
  home:
    world: world
    x: -221.86694499435953
    y: 111.5
    z: -1072.699999988079
    yaw: -178.88583
    pitch: 18.750004
afk: false
logoutlocation:
  world: world
  x: -341.6389149444813
  y: 10.0
  z: -816.4889619240273
  yaw: 17.482727
  pitch: 33.44985
