lastAccountName: ShortKYO
timestamps:
  login: 1588078384847
  lastteleport: 1588085690413
  logout: 1588086243941
ipAddress: 220.136.33.228
lastlocation:
  world: world
  x: -290.14792573606724
  y: 68.73152379758702
  z: -828.5153626896308
  yaw: -269.03555
  pitch: 56.54994
homes:
  home:
    world: world
    x: -221.86694499435953
    y: 111.5
    z: -1072.699999988079
    yaw: -178.88583
    pitch: 18.750004
afk: false
logoutlocation:
  world: world
  x: -289.700000025332
  y: 68.0000002
  z: -824.700000025332
  yaw: -195.29991
  pitch: 23.850012
