lastAccountName: ShortKYO
timestamps:
  login: 1589688303503
  lastteleport: 1588255416018
  logout: 1589700282800
ipAddress: 36.227.37.155
lastlocation:
  world: world
  x: -293.2823571058818
  y: 94.25109276166907
  z: -870.248845487273
  yaw: -194.03607
  pitch: 31.50031
homes:
  home:
    world: world
    x: -221.86694499435953
    y: 111.5
    z: -1072.699999988079
    yaw: -178.88583
    pitch: 18.750004
afk: false
logoutlocation:
  world: world
  x: -346.41504797291003
  y: 9.0
  z: -810.3038483673819
  yaw: 225.34729
  pitch: 10.3498955
