lastAccountName: ShortKYO
timestamps:
  login: 1589069905307
  lastteleport: 1588255416018
  logout: 1589090062350
ipAddress: 220.136.48.130
lastlocation:
  world: world
  x: -293.2823571058818
  y: 94.25109276166907
  z: -870.248845487273
  yaw: -194.03607
  pitch: 31.50031
homes:
  home:
    world: world
    x: -221.86694499435953
    y: 111.5
    z: -1072.699999988079
    yaw: -178.88583
    pitch: 18.750004
afk: false
logoutlocation:
  world: world
  x: -328.5482457434964
  y: 10.0
  z: -817.5251440861948
  yaw: -158.65619
  pitch: 10.950116
