lastAccountName: ShortKYO
timestamps:
  login: 1588251140859
  lastteleport: 1588255416018
  logout: 1588261988793
ipAddress: 220.136.33.228
lastlocation:
  world: world
  x: -293.2823571058818
  y: 94.25109276166907
  z: -870.248845487273
  yaw: -194.03607
  pitch: 31.50031
homes:
  home:
    world: world
    x: -221.86694499435953
    y: 111.5
    z: -1072.699999988079
    yaw: -178.88583
    pitch: 18.750004
afk: false
logoutlocation:
  world: world
  x: -289.700000025332
  y: 68.0000002
  z: -824.700000025332
  yaw: -265.73248
  pitch: 10.3499975
