lastAccountName: Gallero
timestamps:
  login: 1605441690729
  logout: 1605441700502
ipAddress: 59.115.173.227
lastlocation:
  world: world
  x: 212.0
  y: 65.0
  z: 271.0
  yaw: 0.0
  pitch: 0.0
logoutlocation:
  world: world
  x: 219.5
  y: 69.0
  z: 265.5
  yaw: -17.013733
  pitch: 70.35001
