lastAccountName: RocKog
timestamps:
  login: 1586446974447
  lastteleport: 1586449917747
  logout: 1586449920466
ipAddress: 111.251.26.49
lastlocation:
  world: world
  x: -74.5674971702934
  y: 68.0
  z: 1106.8358362692934
  yaw: -162.23732
  pitch: 22.350616
logoutlocation:
  world: world
  x: 67.5
  y: 84.0
  z: 797.5
  yaw: -356.19055
  pitch: 12.300203
homes:
  home:
    world: world
    x: 67.35448498250275
    y: 84.0
    z: 797.4865178003814
    yaw: -356.19055
    pitch: 12.300203
afk: false
