lastAccountName: RocKog
timestamps:
  login: 1586178508210
  lastteleport: 1586180720870
  logout: 1586181503700
ipAddress: 59.115.85.32
lastlocation:
  world: world
  x: 797.7750209150661
  y: 85.0
  z: 940.3000000119209
  yaw: 232.50336
  pitch: 8.550118
logoutlocation:
  world: world
  x: 219.42409291358422
  y: 69.0
  z: 265.21730223244913
  yaw: -59.913776
  pitch: 53.24994
