lastAccountName: RocKog
timestamps:
  login: 1586624821218
  lastteleport: 1586626753243
  logout: 1586627361298
ipAddress: 1.171.143.251
lastlocation:
  world: world
  x: 803.5
  y: 85.0
  z: 951.5
  yaw: 0.0
  pitch: 0.0
logoutlocation:
  world: world
  x: 27.34044179569618
  y: 120.0
  z: 810.5998170823784
  yaw: -275.16797
  pitch: 62.85045
homes:
  home:
    world: world
    x: 67.35448498250275
    y: 84.0
    z: 797.4865178003814
    yaw: -356.19055
    pitch: 12.300203
afk: false
