lastAccountName: RocKog
timestamps:
  login: 1586513642885
  lastteleport: 1586516107008
  logout: 1586524442694
ipAddress: 111.251.26.49
lastlocation:
  world: world
  x: -0.8076571160655077
  y: 120.0
  z: 790.3115543800951
  yaw: 87.49805
  pitch: 67.950035
logoutlocation:
  world: world
  x: 66.68789944567304
  y: 87.5
  z: 788.42900881014
  yaw: -311.0432
  pitch: -13.799794
homes:
  home:
    world: world
    x: 67.35448498250275
    y: 84.0
    z: 797.4865178003814
    yaw: -356.19055
    pitch: 12.300203
afk: false
