lastAccountName: RocKog
timestamps:
  login: 1586513642885
  lastteleport: 1586513662731
  logout: 1586506930477
ipAddress: 111.251.26.49
lastlocation:
  world: world
  x: 219.07552914909056
  y: 69.0
  z: 265.4705546901208
  yaw: 143.63625
  pitch: 18.300009
logoutlocation:
  world: world
  x: -18.46579481222245
  y: 72.0
  z: 799.9854322304445
  yaw: -101.942444
  pitch: 19.94995
homes:
  home:
    world: world
    x: 67.35448498250275
    y: 84.0
    z: 797.4865178003814
    yaw: -356.19055
    pitch: 12.300203
afk: false
