lastAccountName: RocKog
timestamps:
  login: 1586492803160
  lastteleport: 1586493279004
  logout: 1586449920466
ipAddress: 111.251.26.49
lastlocation:
  world: world
  x: 803.5
  y: 85.0
  z: 951.5
  yaw: 4.9500003
  pitch: -1.6499999
logoutlocation:
  world: world
  x: 67.5
  y: 84.0
  z: 797.5
  yaw: -356.19055
  pitch: 12.300203
homes:
  home:
    world: world
    x: 67.35448498250275
    y: 84.0
    z: 797.4865178003814
    yaw: -356.19055
    pitch: 12.300203
afk: false
