lastAccountName: RocKog
timestamps:
  login: 1586781306789
  lastteleport: 1586781664522
  logout: 1586775189657
ipAddress: 1.171.143.251
lastlocation:
  world: world
  x: 7.673412576176385
  y: 158.0
  z: 810.5329372466174
  yaw: 94.5644
  pitch: 48.749985
logoutlocation:
  world: world
  x: 48.43452072486343
  y: 158.0
  z: 804.8352329402114
  yaw: 355.25876
  pitch: 48.14995
homes:
  home:
    world: world
    x: 67.35448498250275
    y: 84.0
    z: 797.4865178003814
    yaw: -356.19055
    pitch: 12.300203
afk: false
