lastAccountName: RocKog
timestamps:
  login: 1586343810105
  lastteleport: 1586350010414
  logout: 1586272614716
ipAddress: 111.251.26.49
lastlocation:
  world: world
  x: -71.32900600359507
  y: 68.0
  z: 709.2234323548253
  yaw: -178.29129
  pitch: 6.60021
logoutlocation:
  world: world
  x: 66.31999989083225
  y: 95.5
  z: 795.9199722383695
  yaw: -17.582031
  pitch: 2.1000433
homes:
  home:
    world: world
    x: 67.35448498250275
    y: 84.0
    z: 797.4865178003814
    yaw: -356.19055
    pitch: 12.300203
afk: true
