lastAccountName: RocKog
timestamps:
  login: 1586591244839
  lastteleport: 1586599310453
  logout: 1586591105594
ipAddress: 1.171.143.251
lastlocation:
  world: world
  x: 803.5
  y: 85.0
  z: 951.5
  yaw: 0.0
  pitch: 0.0
logoutlocation:
  world: world
  x: 41.98262940993695
  y: 90.0
  z: 817.6065293925926
  yaw: -234.18188
  pitch: 3.5999782
homes:
  home:
    world: world
    x: 67.35448498250275
    y: 84.0
    z: 797.4865178003814
    yaw: -356.19055
    pitch: 12.300203
afk: false
