lastAccountName: RocKog
timestamps:
  login: 1586446974447
  lastteleport: 1586447733446
  logout: 1586446744240
ipAddress: 111.251.26.49
lastlocation:
  world: world
  x: 1882.2758078733264
  y: 11.0
  z: 1396.300000011921
  yaw: 355.71954
  pitch: 14.250258
logoutlocation:
  world: world
  x: 1862.9510085789834
  y: 11.0
  z: 1289.4250075918233
  yaw: -59.92894
  pitch: 15.900237
homes:
  home:
    world: world
    x: 67.35448498250275
    y: 84.0
    z: 797.4865178003814
    yaw: -356.19055
    pitch: 12.300203
afk: false
