lastAccountName: RocKog
timestamps:
  login: 1586783915619
  lastteleport: 1586783932024
  logout: 1586784218503
ipAddress: 1.171.143.251
lastlocation:
  world: world
  x: -17.5140503416869
  y: 120.52576546501307
  z: 799.3198284816353
  yaw: -146.05908
  pitch: 84.59999
logoutlocation:
  world: world
  x: 803.5
  y: 85.1
  z: 951.5
  yaw: 0.0
  pitch: 0.0
homes:
  home:
    world: world
    x: 67.35448498250275
    y: 84.0
    z: 797.4865178003814
    yaw: -356.19055
    pitch: 12.300203
afk: false
