lastAccountName: RocKog
timestamps:
  login: 1586695239913
  lastteleport: 1586690663095
  logout: 1586690877321
ipAddress: 1.171.143.251
lastlocation:
  world: world_nether
  x: 38.60935568017727
  y: 97.0
  z: 281.4254839177279
  yaw: 172.70166
  pitch: 2.40011
logoutlocation:
  world: world
  x: 28.828690637530684
  y: 110.0
  z: 810.9854842004679
  yaw: -97.16016
  pitch: 15.450286
homes:
  home:
    world: world
    x: 67.35448498250275
    y: 84.0
    z: 797.4865178003814
    yaw: -356.19055
    pitch: 12.300203
afk: false
