lastAccountName: RocKog
timestamps:
  login: 1586617230249
  lastteleport: 1586599310453
  logout: 1586610091596
ipAddress: 1.171.143.251
lastlocation:
  world: world
  x: -3.5398281603196327
  y: 118.0
  z: 785.4685219971789
  yaw: 263.66608
  pitch: 59.70043
logoutlocation:
  world: world
  x: -7.257075445217865
  y: 110.0
  z: 789.5266264972526
  yaw: 203.21553
  pitch: 4.2005243
homes:
  home:
    world: world
    x: 67.35448498250275
    y: 84.0
    z: 797.4865178003814
    yaw: -356.19055
    pitch: 12.300203
afk: true
