lastAccountName: RocKog
timestamps:
  login: 1586573391744
  lastteleport: 1586575045453
  logout: 1586575292098
ipAddress: 1.171.143.251
lastlocation:
  world: world
  x: 68.93169536575722
  y: 83.5
  z: 797.858756582413
  yaw: -240.69041
  pitch: 13.050225
logoutlocation:
  world: world
  x: 42.07672645742022
  y: 91.0
  z: 813.7080720407411
  yaw: 68.439964
  pitch: -4.1997237
homes:
  home:
    world: world
    x: 67.35448498250275
    y: 84.0
    z: 797.4865178003814
    yaw: -356.19055
    pitch: 12.300203
afk: false
