lastAccountName: RocKog
timestamps:
  login: 1586610000553
  lastteleport: 1586599310453
  logout: 1586610091596
ipAddress: 1.171.143.251
lastlocation:
  world: world
  x: 803.5
  y: 85.0
  z: 951.5
  yaw: 0.0
  pitch: 0.0
logoutlocation:
  world: world
  x: -7.257075445217865
  y: 110.0
  z: 789.5266264972526
  yaw: 203.21553
  pitch: 4.2005243
homes:
  home:
    world: world
    x: 67.35448498250275
    y: 84.0
    z: 797.4865178003814
    yaw: -356.19055
    pitch: 12.300203
afk: false
