lastAccountName: RocKog
timestamps:
  login: 1586261010739
  lastteleport: 1586261873057
  logout: 1586260972199
ipAddress: 111.251.26.49
lastlocation:
  world: world
  x: 803.5
  y: 85.0
  z: 951.5
  yaw: -7.8000083
  pitch: 16.050001
logoutlocation:
  world: world
  x: 66.69999998807907
  y: 82.0
  z: 800.6999999880791
  yaw: -186.36462
  pitch: 29.400091
homes:
  home:
    world: world
    x: 67.35448498250275
    y: 84.0
    z: 797.4865178003814
    yaw: -356.19055
    pitch: 12.300203
afk: true
