lastAccountName: RocKog
timestamps:
  login: 1586686050311
  lastteleport: 1586688931595
  logout: 1586685090051
ipAddress: 1.171.143.251
lastlocation:
  world: world
  x: 804.6198664790676
  y: 85.0
  z: 951.2295129085129
  yaw: -35.700005
  pitch: 13.049994
logoutlocation:
  world: world
  x: 68.88990184321725
  y: 83.5
  z: 800.6866876354563
  yaw: 37.407104
  pitch: -25.349802
homes:
  home:
    world: world
    x: 67.35448498250275
    y: 84.0
    z: 797.4865178003814
    yaw: -356.19055
    pitch: 12.300203
afk: false
