lastAccountName: RocKog
timestamps:
  login: 1586605022235
  lastteleport: 1586599310453
  logout: 1586604630420
ipAddress: 1.171.143.251
lastlocation:
  world: world
  x: 803.5
  y: 85.0
  z: 951.5
  yaw: 0.0
  pitch: 0.0
logoutlocation:
  world: world
  x: -11.332300189743897
  y: 110.0
  z: 824.2574610248342
  yaw: -180.18494
  pitch: -0.150073
homes:
  home:
    world: world
    x: 67.35448498250275
    y: 84.0
    z: 797.4865178003814
    yaw: -356.19055
    pitch: 12.300203
afk: true
