lastAccountName: RocKog
timestamps:
  login: 1586698793291
  lastteleport: 1586695436052
  logout: 1586696775250
ipAddress: 1.171.143.251
lastlocation:
  world: world
  x: 803.5
  y: 85.0
  z: 951.5
  yaw: -19.650002
  pitch: 14.25
logoutlocation:
  world: world
  x: 7.764439654782137
  y: 120.0
  z: 831.7785228770035
  yaw: 290.8858
  pitch: 17.250051
homes:
  home:
    world: world
    x: 67.35448498250275
    y: 84.0
    z: 797.4865178003814
    yaw: -356.19055
    pitch: 12.300203
afk: false
