lastAccountName: RocKog
timestamps:
  login: 1586774365820
  lastteleport: 1586774653343
  logout: 1586775189657
ipAddress: 1.171.143.251
lastlocation:
  world: world
  x: 7.315805121650206
  y: 72.0
  z: 813.0309299011403
  yaw: 128.41022
  pitch: 3.0000525
logoutlocation:
  world: world
  x: 48.43452072486343
  y: 158.0
  z: 804.8352329402114
  yaw: 355.25876
  pitch: 48.14995
homes:
  home:
    world: world
    x: 67.35448498250275
    y: 84.0
    z: 797.4865178003814
    yaw: -356.19055
    pitch: 12.300203
afk: false
