lastAccountName: RocKog
timestamps:
  login: 1586774365820
  lastteleport: 1586700072227
  logout: 1586774362972
ipAddress: 1.171.143.251
lastlocation:
  world: world
  x: 803.5
  y: 85.0
  z: 951.5
  yaw: -33.15
  pitch: -1.0499997
logoutlocation:
  world: world
  x: 43.48308924466529
  y: 87.0
  z: 815.1402641571249
  yaw: -172.64055
  pitch: 25.65027
homes:
  home:
    world: world
    x: 67.35448498250275
    y: 84.0
    z: 797.4865178003814
    yaw: -356.19055
    pitch: 12.300203
afk: false
