lastAccountName: RocKog
timestamps:
  login: 1586504181333
  lastteleport: 1586503195423
  logout: 1586504156193
ipAddress: 111.251.26.49
lastlocation:
  world: world
  x: 63.65062273293552
  y: 64.0
  z: 839.1220450526818
  yaw: 212.12
  pitch: -4.9500694
logoutlocation:
  world: world
  x: 73.02203947647874
  y: 87.0
  z: 783.1217407400343
  yaw: -90.54285
  pitch: 5.549967
homes:
  home:
    world: world
    x: 67.35448498250275
    y: 84.0
    z: 797.4865178003814
    yaw: -356.19055
    pitch: 12.300203
afk: false
