lastAccountName: RocKog
timestamps:
  login: 1586624821218
  lastteleport: 1586626753243
  logout: 1586624781368
ipAddress: 1.171.143.251
lastlocation:
  world: world
  x: 803.5
  y: 85.0
  z: 951.5
  yaw: 0.0
  pitch: 0.0
logoutlocation:
  world: world
  x: -17.008236999367
  y: 119.0
  z: 822.1869148630964
  yaw: 162.86177
  pitch: 36.600132
homes:
  home:
    world: world
    x: 67.35448498250275
    y: 84.0
    z: 797.4865178003814
    yaw: -356.19055
    pitch: 12.300203
afk: false
