lastAccountName: RocKog
timestamps:
  login: 1586492803160
  lastteleport: 1586497027320
  logout: 1586449920466
ipAddress: 111.251.26.49
lastlocation:
  world: world
  x: 5.6571524369613275
  y: 63.38446655683927
  z: 829.1146744377788
  yaw: -70.43979
  pitch: 4.8004365
logoutlocation:
  world: world
  x: 67.5
  y: 84.0
  z: 797.5
  yaw: -356.19055
  pitch: 12.300203
homes:
  home:
    world: world
    x: 67.35448498250275
    y: 84.0
    z: 797.4865178003814
    yaw: -356.19055
    pitch: 12.300203
afk: false
