lastAccountName: RocKog
timestamps:
  login: 1586681593840
  lastteleport: 1586683960554
  logout: 1586679457424
ipAddress: 1.171.143.251
lastlocation:
  world: world
  x: 6.6373951351106
  y: 117.0
  z: 823.848878917796
  yaw: -188.94818
  pitch: 36.450245
logoutlocation:
  world: world
  x: 15.575222988150378
  y: 113.0
  z: 811.0890417911443
  yaw: 86.15493
  pitch: 8.099948
homes:
  home:
    world: world
    x: 67.35448498250275
    y: 84.0
    z: 797.4865178003814
    yaw: -356.19055
    pitch: 12.300203
afk: false
