lastAccountName: RocKog
timestamps:
  login: 1586673232634
  lastteleport: 1586673301373
  logout: 1586627361298
ipAddress: 1.171.143.251
lastlocation:
  world: world
  x: -4.063211049595321
  y: 110.0
  z: 790.0320839581782
  yaw: -112.56772
  pitch: -1.7999939
logoutlocation:
  world: world
  x: 27.34044179569618
  y: 120.0
  z: 810.5998170823784
  yaw: -275.16797
  pitch: 62.85045
homes:
  home:
    world: world
    x: 67.35448498250275
    y: 84.0
    z: 797.4865178003814
    yaw: -356.19055
    pitch: 12.300203
afk: false
