lastAccountName: RocKog
timestamps:
  login: 1594906846181
  lastteleport: 1594906766586
  logout: 1594906863853
ipAddress: 111.251.22.100
lastlocation:
  world: world
  x: 76.04583644542794
  y: 87.5
  z: 796.060316957178
  yaw: -135.24045
  pitch: 16.200191
logoutlocation:
  world: world_old
  x: 46.566950513148235
  y: 63.0
  z: 172.2369942567285
  yaw: 77.55004
  pitch: 48.150024
homes:
  home:
    world: world
    x: 67.35448498250275
    y: 84.0
    z: 797.4865178003814
    yaw: -356.19055
    pitch: 12.300203
afk: false
