lastAccountName: RocKog
timestamps:
  login: 1586679019982
  lastteleport: 1586677298922
  logout: 1586679457424
ipAddress: 1.171.143.251
lastlocation:
  world: world
  x: 5.138520864973022
  y: 113.0
  z: 810.7700331737599
  yaw: 351.36646
  pitch: 46.199936
logoutlocation:
  world: world
  x: 15.575222988150378
  y: 113.0
  z: 811.0890417911443
  yaw: 86.15493
  pitch: 8.099948
homes:
  home:
    world: world
    x: 67.35448498250275
    y: 84.0
    z: 797.4865178003814
    yaw: -356.19055
    pitch: 12.300203
afk: false
