lastAccountName: RocKog
timestamps:
  login: 1586343810105
  lastteleport: 1586270632993
  logout: 1586272614716
ipAddress: 111.251.26.49
lastlocation:
  world: world
  x: 75.14179614896489
  y: 93.5
  z: 802.3450798727529
  yaw: -271.53046
  pitch: 68.549835
logoutlocation:
  world: world
  x: 66.31999989083225
  y: 95.5
  z: 795.9199722383695
  yaw: -17.582031
  pitch: 2.1000433
homes:
  home:
    world: world
    x: 67.35448498250275
    y: 84.0
    z: 797.4865178003814
    yaw: -356.19055
    pitch: 12.300203
afk: false
