lastAccountName: appa1423
timestamps:
  login: 1591699663126
  logout: 1591701002127
  lastteleport: 1591700955815
ipAddress: 27.52.158.2
lastlocation:
  world: world
  x: 718.5
  y: 95.0000002
  z: 1250.5
  yaw: 0.0
  pitch: 0.0
logoutlocation:
  world: world
  x: 867.7225128517897
  y: 44.200000047683716
  z: 1061.300000011921
  yaw: 157.22522
  pitch: 26.09998
afk: false
homes:
  home:
    world: world
    x: 718.299999974668
    y: 95.0000002
    z: 1250.299999974668
    yaw: 38.43612
    pitch: -0.6000001
