lastAccountName: appa1423
timestamps:
  login: 1587663523454
  logout: 1587665288703
  lastteleport: 1587571222082
ipAddress: 39.9.192.191
lastlocation:
  world: world
  x: 831.5
  y: 82.0000002
  z: 1253.5
  yaw: 208.65094
  pitch: 24.450024
logoutlocation:
  world: world
  x: 832.17514517998
  y: 82.0
  z: 1253.6324643137466
  yaw: 145.50052
  pitch: 21.150106
afk: false
