lastAccountName: appa1423
timestamps:
  login: 1587696633884
  logout: 1587698157243
  lastteleport: 1587571222082
ipAddress: 39.9.192.191
lastlocation:
  world: world
  x: 831.5
  y: 82.0000002
  z: 1253.5
  yaw: 208.65094
  pitch: 24.450024
logoutlocation:
  world: world
  x: 830.7002273815527
  y: 81.0
  z: 1245.4022897592633
  yaw: 144.12949
  pitch: 36.451977
afk: false
