lastAccountName: appa1423
timestamps:
  login: 1586633632667
  logout: 1586629314347
  lastteleport: 1586598196970
ipAddress: 27.242.5.15
lastlocation:
  world: world
  x: 832.5
  y: 82.0000002
  z: 1254.5
  yaw: -3.7500012
  pitch: 5.250002
logoutlocation:
  world: world
  x: 581.9871731040009
  y: 64.875
  z: 1282.804785903286
  yaw: 11.710449
  pitch: 90.0
afk: false
