lastAccountName: appa1423
timestamps:
  login: 1586549163844
  logout: 1586551118246
ipAddress: 27.242.5.15
lastlocation:
  world: world
  x: 212.0
  y: 65.0
  z: 271.0
  yaw: 0.0
  pitch: 0.0
logoutlocation:
  world: world
  x: 831.3122882047157
  y: 82.0
  z: 1250.8399452189417
  yaw: 188.28271
  pitch: -14.998392
afk: false
