lastAccountName: appa1423
timestamps:
  login: 1587570793832
  logout: 1586672835770
  lastteleport: 1587571222082
ipAddress: 39.9.192.191
lastlocation:
  world: world
  x: 831.5
  y: 82.0000002
  z: 1253.5
  yaw: 208.65094
  pitch: 24.450024
logoutlocation:
  world: world
  x: 833.6999999880791
  y: 82.0
  z: 1253.762499988079
  yaw: -168.7135
  pitch: -9.299802
afk: false
