lastAccountName: appa1423
timestamps:
  login: 1591006939074
  logout: 1591007594553
  lastteleport: 1590485730128
ipAddress: 39.9.94.109
lastlocation:
  world: world
  x: 718.5
  y: 95.0000002
  z: 1250.5
  yaw: -172.9492
  pitch: 28.049953
logoutlocation:
  world: world
  x: 782.860501952365
  y: 72.0
  z: 1201.4883930557696
  yaw: -26.673187
  pitch: 42.300636
afk: false
homes:
  home:
    world: world
    x: 718.299999974668
    y: 95.0000002
    z: 1250.299999974668
    yaw: 38.43612
    pitch: -0.6000001
