lastAccountName: appa1423
timestamps:
  login: 1588730801600
  logout: 1588732498368
  lastteleport: 1588519748241
ipAddress: 27.242.193.112
lastlocation:
  world: world
  x: 718.5
  y: 95.0000002
  z: 1250.5
  yaw: 4.050001
  pitch: 2.2500002
logoutlocation:
  world: world
  x: 720.0276942193846
  y: 99.0
  z: 1238.285297535531
  yaw: 259.66772
  pitch: 20.250029
afk: false
