lastAccountName: appa1423
timestamps:
  login: 1589537236230
  logout: 1589540772986
  lastteleport: 1589538936424
ipAddress: 110.26.30.108
lastlocation:
  world: world
  x: -908.6999999880791
  y: 64.59791999864578
  z: 1727.4510907494855
  yaw: -272.21326
  pitch: -7.9502387
logoutlocation:
  world: world
  x: 838.853063139639
  y: 87.55893578191203
  z: 1223.4876618672665
  yaw: -255.05176
  pitch: 22.950615
afk: false
homes:
  home:
    world: world
    x: 718.299999974668
    y: 95.0000002
    z: 1250.299999974668
    yaw: 38.43612
    pitch: -0.6000001
