lastAccountName: appa1423
timestamps:
  login: 1589517465211
  logout: 1589521710494
  lastteleport: 1589426448628
ipAddress: 110.26.30.108
lastlocation:
  world: world
  x: -211.5378783815578
  y: 74.78827512315189
  z: 241.25150833029286
  yaw: 145.3262
  pitch: 23.24978
logoutlocation:
  world: world
  x: 718.6999999880791
  y: 95.0000002
  z: 1248.9554472472958
  yaw: -230.7001
  pitch: 76.04986
afk: false
homes:
  home:
    world: world
    x: 718.299999974668
    y: 95.0000002
    z: 1250.299999974668
    yaw: 38.43612
    pitch: -0.6000001
