lastAccountName: appa1423
timestamps:
  login: 1589268162641
  logout: 1589271532857
  lastteleport: 1588519748241
ipAddress: 110.26.30.108
lastlocation:
  world: world
  x: 537.5993167797723
  y: 63.0
  z: 819.719327583424
  yaw: -350.44
  pitch: 54.449677
logoutlocation:
  world: world
  x: 809.7261532993831
  y: 72.0
  z: 1198.7664545065743
  yaw: 41.571533
  pitch: 29.250692
afk: false
