lastAccountName: appa1423
timestamps:
  login: 1587810323032
  logout: 1587816368031
  lastteleport: 1587811415939
ipAddress: 27.246.68.42
lastlocation:
  world: world
  x: 827.8527832754079
  y: 76.0
  z: 1237.6626259316713
  yaw: 68.09973
  pitch: -16.649807
logoutlocation:
  world: world
  x: 827.6720089802869
  y: 81.0
  z: 1248.6645046013641
  yaw: -220.47589
  pitch: 18.300972
afk: false
