lastAccountName: appa1423
timestamps:
  login: 1587729289963
  logout: 1587731588627
  lastteleport: 1587571222082
ipAddress: 39.12.224.109
lastlocation:
  world: world
  x: 831.5
  y: 82.0000002
  z: 1253.5
  yaw: 208.65094
  pitch: 24.450024
logoutlocation:
  world: world
  x: 641.1165607273432
  y: 69.0
  z: 1121.006635850906
  yaw: 207.09119
  pitch: 17.700527
afk: false
