lastAccountName: appa1423
timestamps:
  login: 1587578380283
  logout: 1587578822235
  lastteleport: 1587571222082
ipAddress: 39.9.192.191
lastlocation:
  world: world
  x: 831.5
  y: 82.0000002
  z: 1253.5
  yaw: 208.65094
  pitch: 24.450024
logoutlocation:
  world: world
  x: 830.5899651986294
  y: 82.875
  z: 1252.1914795240427
  yaw: 302.42752
  pitch: 59.10021
afk: false
