lastAccountName: appa1423
timestamps:
  login: 1587898740492
  logout: 1587906218100
  lastteleport: 1587902480356
ipAddress: 39.12.11.174
lastlocation:
  world: world
  x: 831.5
  y: 82.0000002
  z: 1253.5
  yaw: -18.150003
  pitch: 5.5500083
logoutlocation:
  world: world
  x: 757.9635168398655
  y: 83.0
  z: 1251.2637559880523
  yaw: 253.39014
  pitch: 32.70037
afk: false
