lastAccountName: appa1423
timestamps:
  login: 1586667798759
  logout: 1586672835770
  lastteleport: 1586598196970
ipAddress: 27.242.5.15
lastlocation:
  world: world
  x: 832.5
  y: 82.0000002
  z: 1254.5
  yaw: -3.7500012
  pitch: 5.250002
logoutlocation:
  world: world
  x: 833.6999999880791
  y: 82.0
  z: 1253.762499988079
  yaw: -168.7135
  pitch: -9.299802
afk: false
