lastAccountName: appa1423
timestamps:
  login: 1588559462231
  logout: 1588561590236
  lastteleport: 1588519748241
ipAddress: 27.242.193.112
lastlocation:
  world: world
  x: 718.5
  y: 95.0000002
  z: 1250.5
  yaw: 4.050001
  pitch: 2.2500002
logoutlocation:
  world: world
  x: 718.299999974668
  y: 95.0000002
  z: 1250.299999974668
  yaw: 50.237488
  pitch: -42.29993
afk: false
