lastAccountName: appa1423
timestamps:
  login: 1589362104543
  logout: 1589364677093
  lastteleport: 1588519748241
ipAddress: 110.26.30.108
lastlocation:
  world: world
  x: 537.5993167797723
  y: 63.0
  z: 819.719327583424
  yaw: -350.44
  pitch: 54.449677
logoutlocation:
  world: world
  x: 715.8530616055768
  y: 95.0
  z: 1245.4579162412358
  yaw: 105.046936
  pitch: 2.2515664
afk: false
homes:
  home:
    world: world
    x: 718.299999974668
    y: 95.0000002
    z: 1250.299999974668
    yaw: 38.43612
    pitch: -0.6000001
