lastAccountName: appa1423
timestamps:
  login: 1589425491208
  logout: 1589428885489
  lastteleport: 1589426448628
ipAddress: 110.26.30.108
lastlocation:
  world: world
  x: 259.5
  y: 63.0000002
  z: 1478.5
  yaw: -10.5000105
  pitch: 0.9000012
logoutlocation:
  world: world
  x: 678.0507702797615
  y: 75.98370377224371
  z: 1151.8627603423445
  yaw: 301.9839
  pitch: 17.85038
afk: false
homes:
  home:
    world: world
    x: 718.299999974668
    y: 95.0000002
    z: 1250.299999974668
    yaw: 38.43612
    pitch: -0.6000001
