lastAccountName: appa1423
timestamps:
  login: 1589717758433
  logout: 1589718834120
  lastteleport: 1589538936424
ipAddress: 110.30.103.31
lastlocation:
  world: world
  x: 2797.0684557425757
  y: 60.25220334025373
  z: 2376.217406743878
  yaw: 35.258484
  pitch: 25.050455
logoutlocation:
  world: world
  x: 718.8291976377498
  y: 95.0
  z: 1249.2743742743774
  yaw: -351.10336
  pitch: 22.349993
afk: false
homes:
  home:
    world: world
    x: 718.299999974668
    y: 95.0000002
    z: 1250.299999974668
    yaw: 38.43612
    pitch: -0.6000001
