lastAccountName: appa1423
timestamps:
  login: 1586667798759
  logout: 1586634713789
  lastteleport: 1586598196970
ipAddress: 27.242.5.15
lastlocation:
  world: world
  x: 832.5
  y: 82.0000002
  z: 1254.5
  yaw: -3.7500012
  pitch: 5.250002
logoutlocation:
  world: world
  x: 831.299999974668
  y: 82.0000002
  z: 1253.299999974668
  yaw: 30.243313
  pitch: 0.0
afk: false
