lastAccountName: appa1423
timestamps:
  login: 1586358462156
  logout: 1586364122644
ipAddress: 27.242.73.27
lastlocation:
  world: world
  x: 212.0
  y: 65.0
  z: 271.0
  yaw: 0.0
  pitch: 0.0
logoutlocation:
  world: world
  x: 832.5189850945552
  y: 82.0
  z: 1251.308901978639
  yaw: 121.12195
  pitch: 22.800613
