lastAccountName: appa1423
timestamps:
  login: 1586626623043
  logout: 1586606184670
  lastteleport: 1586598196970
ipAddress: 27.242.5.15
lastlocation:
  world: world
  x: 832.5
  y: 82.0000002
  z: 1254.5
  yaw: -3.7500012
  pitch: 5.250002
logoutlocation:
  world: world
  x: 831.2979528724494
  y: 82.0
  z: 1251.7378903753765
  yaw: 110.30939
  pitch: -72.90009
afk: false
