lastAccountName: appa1423
timestamps:
  login: 1588788843432
  logout: 1588789333716
  lastteleport: 1588519748241
ipAddress: 110.28.105.28
lastlocation:
  world: world
  x: 718.5
  y: 95.0000002
  z: 1250.5
  yaw: 4.050001
  pitch: 2.2500002
logoutlocation:
  world: world
  x: 781.0753954147845
  y: 74.0
  z: 1228.4821366163644
  yaw: 346.6419
  pitch: 22.050873
afk: false
