lastAccountName: appa1423
timestamps:
  login: 1589202053230
  logout: 1589203725876
  lastteleport: 1588519748241
ipAddress: 27.242.94.84
lastlocation:
  world: world
  x: 537.5993167797723
  y: 63.0
  z: 819.719327583424
  yaw: -350.44
  pitch: 54.449677
logoutlocation:
  world: world
  x: 742.7519438573744
  y: 93.0
  z: 1252.138708844752
  yaw: 260.0288
  pitch: 41.100536
afk: false
