lastAccountName: appa1423
timestamps:
  login: 1589193975180
  logout: 1589197085137
  lastteleport: 1588519748241
ipAddress: 27.242.94.84
lastlocation:
  world: world
  x: 537.5993167797723
  y: 63.0
  z: 819.719327583424
  yaw: -350.44
  pitch: 54.449677
logoutlocation:
  world: world
  x: 724.2363958247922
  y: 95.0
  z: 1247.5397971675525
  yaw: 103.499886
  pitch: -2.399958
afk: false
