lastAccountName: appa1423
timestamps:
  login: 1586507873583
  logout: 1586447565798
ipAddress: 27.242.5.15
lastlocation:
  world: world
  x: 212.0
  y: 65.0
  z: 271.0
  yaw: 0.0
  pitch: 0.0
logoutlocation:
  world: world
  x: 741.1161105273942
  y: 92.0
  z: 1248.5871634245304
  yaw: 265.59326
  pitch: 27.302328
