lastAccountName: appa1423
timestamps:
  login: 1589120575304
  logout: 1589122249226
  lastteleport: 1588519748241
ipAddress: 27.242.94.84
lastlocation:
  world: world
  x: 718.5
  y: 95.0000002
  z: 1250.5
  yaw: 4.050001
  pitch: 2.2500002
logoutlocation:
  world: world
  x: 718.0665989300243
  y: 102.0
  z: 1253.9154141574984
  yaw: 359.44678
  pitch: 13.499676
afk: false
