lastAccountName: appa1423
timestamps:
  login: 1587719576375
  logout: 1587720631366
  lastteleport: 1587571222082
ipAddress: 39.9.192.191
lastlocation:
  world: world
  x: 831.5
  y: 82.0000002
  z: 1253.5
  yaw: 208.65094
  pitch: 24.450024
logoutlocation:
  world: world
  x: 832.7585456164509
  y: 82.0
  z: 1252.392363148678
  yaw: 92.45996
  pitch: -14.54913
afk: false
