lastAccountName: appa1423
timestamps:
  login: 1587821633751
  logout: 1587816368031
  lastteleport: 1587821748489
ipAddress: 27.246.68.42
lastlocation:
  world: world
  x: 831.5
  y: 82.0000002
  z: 1253.5
  yaw: 7.6500034
  pitch: 5.400002
logoutlocation:
  world: world
  x: 827.6720089802869
  y: 81.0
  z: 1248.6645046013641
  yaw: -220.47589
  pitch: 18.300972
afk: false
