lastAccountName: appa1423
timestamps:
  login: 1588416289279
  logout: 1588420170972
  lastteleport: 1588418626493
ipAddress: 27.242.193.112
lastlocation:
  world: world
  x: 718.5
  y: 95.0000002
  z: 1250.5
  yaw: 1.3500001
  pitch: -4.2000012
logoutlocation:
  world: world
  x: 713.4702813192563
  y: 77.0
  z: 1212.8588407219527
  yaw: 158.37402
  pitch: 25.650194
afk: false
