lastAccountName: appa1423
timestamps:
  login: 1588993037321
  logout: 1588995440308
  lastteleport: 1588519748241
ipAddress: 39.9.94.89
lastlocation:
  world: world
  x: 718.5
  y: 95.0000002
  z: 1250.5
  yaw: 4.050001
  pitch: 2.2500002
logoutlocation:
  world: world
  x: 942.0301744901527
  y: 63.09375
  z: 1348.4519527047482
  yaw: 131.64813
  pitch: 26.70005
afk: false
