lastAccountName: appa1423
timestamps:
  login: 1589631022758
  logout: 1589634662038
  lastteleport: 1589538936424
ipAddress: 110.30.103.31
lastlocation:
  world: world
  x: 2797.0684557425757
  y: 60.25220334025373
  z: 2376.217406743878
  yaw: 35.258484
  pitch: 25.050455
logoutlocation:
  world: world
  x: 2162.699999988079
  y: 64.5625
  z: 2291.9374226793207
  yaw: -197.10025
  pitch: -12.900003
afk: false
homes:
  home:
    world: world
    x: 718.299999974668
    y: 95.0000002
    z: 1250.299999974668
    yaw: 38.43612
    pitch: -0.6000001
