lastAccountName: appa1423
timestamps:
  login: 1587956427903
  logout: 1587958714336
  lastteleport: 1587902480356
ipAddress: 39.12.11.174
lastlocation:
  world: world
  x: 831.5
  y: 82.0000002
  z: 1253.5
  yaw: -18.150003
  pitch: 5.5500083
logoutlocation:
  world: world
  x: 719.7350109923066
  y: 94.0
  z: 1239.6931704584529
  yaw: 130.70718
  pitch: 51.7507
afk: false
