lastAccountName: appa1423
timestamps:
  login: 1590484314853
  logout: 1590487238549
  lastteleport: 1590485730128
ipAddress: 39.9.158.33
lastlocation:
  world: world
  x: 718.5
  y: 95.0000002
  z: 1250.5
  yaw: -172.9492
  pitch: 28.049953
logoutlocation:
  world: world
  x: 2768.95179932719
  y: 67.0
  z: 2404.1970791875256
  yaw: 239.01978
  pitch: 27.149952
afk: false
homes:
  home:
    world: world
    x: 718.299999974668
    y: 95.0000002
    z: 1250.299999974668
    yaw: 38.43612
    pitch: -0.6000001
