lastAccountName: appa1423
timestamps:
  login: 1586319225726
  logout: 1586321107522
ipAddress: 27.242.73.27
lastlocation:
  world: world
  x: 212.0
  y: 65.0
  z: 271.0
  yaw: 0.0
  pitch: 0.0
logoutlocation:
  world: world
  x: 745.7535187169573
  y: 100.0
  z: 1255.2229221554617
  yaw: 250.11063
  pitch: 40.499386
