lastAccountName: appa1423
timestamps:
  login: 1589546484790
  logout: 1589548369540
  lastteleport: 1589538936424
ipAddress: 110.26.30.108
lastlocation:
  world: world
  x: -908.6999999880791
  y: 64.59791999864578
  z: 1727.4510907494855
  yaw: -272.21326
  pitch: -7.9502387
logoutlocation:
  world: world
  x: 742.2437787497445
  y: 72.00063554902955
  z: 1152.304747498048
  yaw: 21.767822
  pitch: 16.500813
afk: false
homes:
  home:
    world: world
    x: 718.299999974668
    y: 95.0000002
    z: 1250.299999974668
    yaw: 38.43612
    pitch: -0.6000001
