lastAccountName: appa1423
timestamps:
  login: 1589268162641
  logout: 1589254553839
  lastteleport: 1588519748241
ipAddress: 110.26.30.108
lastlocation:
  world: world
  x: 537.5993167797723
  y: 63.0
  z: 819.719327583424
  yaw: -350.44
  pitch: 54.449677
logoutlocation:
  world: world
  x: 755.2423892388408
  y: 75.0
  z: 1232.072548919147
  yaw: 269.59277
  pitch: -40.04818
afk: false
