lastAccountName: appa1423
timestamps:
  login: 1587570793832
  logout: 1587575086693
  lastteleport: 1587571222082
ipAddress: 39.9.192.191
lastlocation:
  world: world
  x: 831.5
  y: 82.0000002
  z: 1253.5
  yaw: 208.65094
  pitch: 24.450024
logoutlocation:
  world: world
  x: 832.606266824837
  y: 82.0
  z: 1252.3973778475445
  yaw: 20.322144
  pitch: 28.19988
afk: false
