lastAccountName: appa1423
timestamps:
  login: 1586594721919
  logout: 1586551118246
  lastteleport: 1586598196970
ipAddress: 27.242.5.15
lastlocation:
  world: world
  x: 832.5
  y: 82.0000002
  z: 1254.5
  yaw: -3.7500012
  pitch: 5.250002
logoutlocation:
  world: world
  x: 831.3122882047157
  y: 82.0
  z: 1250.8399452189417
  yaw: 188.28271
  pitch: -14.998392
afk: true
