lastAccountName: appa1423
timestamps:
  login: 1589631022758
  logout: 1589625502354
  lastteleport: 1589538936424
ipAddress: 110.30.103.31
lastlocation:
  world: world
  x: 2215.405164876508
  y: 62.384776003833295
  z: 2341.441492459953
  yaw: -226.47815
  pitch: 49.651424
logoutlocation:
  world: world
  x: 2188.699999988079
  y: 68.0
  z: 2285.78571620028
  yaw: -37.33795
  pitch: -26.547817
afk: false
homes:
  home:
    world: world
    x: 718.299999974668
    y: 95.0000002
    z: 1250.299999974668
    yaw: 38.43612
    pitch: -0.6000001
