lastAccountName: appa1423
timestamps:
  login: 1586319225726
  logout: 1586284139751
ipAddress: 27.242.73.27
lastlocation:
  world: world
  x: 212.0
  y: 65.0
  z: 271.0
  yaw: 0.0
  pitch: 0.0
logoutlocation:
  world: world
  x: 564.1314730109233
  y: 72.0
  z: 758.6999999880791
  yaw: 82.62854
  pitch: 57.59981
