lastAccountName: appa1423
timestamps:
  login: 1586507873583
  logout: 1586510752492
ipAddress: 27.242.5.15
lastlocation:
  world: world
  x: 212.0
  y: 65.0
  z: 271.0
  yaw: 0.0
  pitch: 0.0
logoutlocation:
  world: world
  x: 867.1736953074347
  y: 68.0
  z: 1258.4992344349835
  yaw: 139.81183
  pitch: -9.149106
afk: false
