lastAccountName: appa1423
timestamps:
  login: 1587821633751
  logout: 1587822926780
  lastteleport: 1587821748489
ipAddress: 27.246.68.42
lastlocation:
  world: world
  x: 831.5
  y: 82.0000002
  z: 1253.5
  yaw: 7.6500034
  pitch: 5.400002
logoutlocation:
  world: world
  x: 831.5699589932785
  y: 82.0
  z: 1251.6019418208375
  yaw: 346.29968
  pitch: 3.4500103
afk: false
