lastAccountName: kevinkaikai
timestamps:
  login: 1589073664719
  logout: 1589047673937
  lastteleport: 1589074441222
ipAddress: 118.160.129.78
lastlocation:
  world: world
  x: -180.81098132310927
  y: 103.0
  z: -1034.699999988079
  yaw: -19.199982
  pitch: 7.5000033
homes:
  home:
    world: world
    x: -224.7668867379448
    y: 104.0
    z: -1074.715645222583
    yaw: 211.74759
    pitch: 19.949232
logoutlocation:
  world: world
  x: -342.22531586779496
  y: 10.0
  z: -812.1058836841586
  yaw: 140.17944
  pitch: 34.648643
