lastAccountName: kevinkaikai
timestamps:
  login: 1589688424355
  logout: 1589700274364
  lastteleport: 1589690537672
ipAddress: 36.227.37.155
lastlocation:
  world: world
  x: -181.5
  y: 103.0000002
  z: -1034.5
  yaw: 0.74999994
  pitch: 8.4000025
homes:
  home:
    world: world
    x: -337.30000001192093
    y: 9.0
    z: -809.3000000119209
    yaw: -5.6485596
    pitch: 29.69924
logoutlocation:
  world: world
  x: -350.9043003508007
  y: 10.0
  z: -810.9314878446363
  yaw: 140.9436
  pitch: 16.649704
afk: false
