lastAccountName: kevinkaikai
timestamps:
  login: 1588078385467
  logout: 1588086249894
ipAddress: 118.165.153.83
lastlocation:
  world: world
  x: 212.0
  y: 65.0
  z: 271.0
  yaw: 0.0
  pitch: 0.0
homes:
  home:
    world: world
    x: -224.7668867379448
    y: 104.0
    z: -1074.715645222583
    yaw: 211.74759
    pitch: 19.949232
logoutlocation:
  world: world
  x: -232.6794276664461
  y: 87.55178992230412
  z: -1021.0551159435178
  yaw: 171.09265
  pitch: 23.54957
