lastAccountName: kevinkaikai
timestamps:
  login: 1589044751291
  logout: 1589047673937
ipAddress: 118.160.129.78
lastlocation:
  world: world
  x: 212.0
  y: 65.0
  z: 271.0
  yaw: 0.0
  pitch: 0.0
homes:
  home:
    world: world
    x: -224.7668867379448
    y: 104.0
    z: -1074.715645222583
    yaw: 211.74759
    pitch: 19.949232
logoutlocation:
  world: world
  x: -342.22531586779496
  y: 10.0
  z: -812.1058836841586
  yaw: 140.17944
  pitch: 34.648643
