lastAccountName: kevinkaikai
timestamps:
  login: 1589044751291
  logout: 1589044679376
ipAddress: 118.160.129.78
lastlocation:
  world: world
  x: 212.0
  y: 65.0
  z: 271.0
  yaw: 0.0
  pitch: 0.0
homes:
  home:
    world: world
    x: -224.7668867379448
    y: 104.0
    z: -1074.715645222583
    yaw: 211.74759
    pitch: 19.949232
logoutlocation:
  world: world
  x: -317.8392292961151
  y: 79.0
  z: -776.1666080447083
  yaw: 339.16684
  pitch: 29.399704
