lastAccountName: SelinaUse
timestamps:
  login: 1589473892304
  logout: 1589474340345
ipAddress: 180.217.197.167
lastlocation:
  world: world
  x: 212.0
  y: 65.0
  z: 271.0
  yaw: 0.0
  pitch: 0.0
logoutlocation:
  world: world
  x: 277.69999998807907
  y: 62.0
  z: 358.3413904320704
  yaw: -347.464
  pitch: -12.299953
