lastAccountName: LRIC
timestamps:
  login: 1586697130607
  logout: 1586696000185
  lastteleport: 1586698781254
ipAddress: 123.194.147.86
logoutlocation:
  world: world
  x: 707.5
  y: 63.0
  z: -437.5
  yaw: 90.11726
  pitch: 42.149197
lastlocation:
  world: world
  x: 936.9750142536806
  y: 64.0
  z: -145.71018731448
  yaw: -106.40692
  pitch: 8.70013
afk: false
