lastAccountName: LRIC
timestamps:
  login: 1586697130607
  logout: 1586696000185
  lastteleport: 1586700226936
ipAddress: 123.194.147.86
logoutlocation:
  world: world
  x: 707.5
  y: 63.0
  z: -437.5
  yaw: 90.11726
  pitch: 42.149197
lastlocation:
  world: world
  x: 1739.9985767614178
  y: 40.0
  z: -154.4563416328234
  yaw: -139.60832
  pitch: 21.150196
afk: false
