lastAccountName: LRIC
timestamps:
  login: 1586586319589
  logout: 1586614090744
  lastteleport: 1586592172599
ipAddress: 123.194.147.86
logoutlocation:
  world: world
  x: -687.5185473232805
  y: 62.0
  z: 150.91116870551184
  yaw: 79.627625
  pitch: 7.1999035
lastlocation:
  world: world
  x: -685.9627665836862
  y: 63.0
  z: 155.24868679927653
  yaw: -168.53601
  pitch: 17.100157
afk: false
