lastAccountName: LRIC
timestamps:
  login: 1589029654093
  logout: 1587748778806
  lastteleport: 1589038097864
ipAddress: 123.194.147.86
logoutlocation:
  world: world
  x: -685.8115904840427
  y: 63.0
  z: 170.23079332486586
  yaw: -41.51239
  pitch: 15.449977
lastlocation:
  world: world
  x: 1736.5696118790288
  y: 85.43063560223517
  z: 551.9689504020178
  yaw: -88.35016
  pitch: 51.900124
afk: false
homes:
  home:
    world: world
    x: -685.7101739488859
    y: 63.0
    z: 160.28052208867308
    yaw: -202.00916
    pitch: 14.861326
