lastAccountName: LRIC
timestamps:
  login: 1586869941856
  logout: 1586880381610
  lastteleport: 1586879017470
ipAddress: 123.194.147.86
logoutlocation:
  world: world
  x: -692.689206565075
  y: 60.0
  z: 147.66724700027228
  yaw: 274.79688
  pitch: 16.049847
lastlocation:
  world: world
  x: -731.9791972697711
  y: 11.0
  z: -785.0927860621817
  yaw: -253.25568
  pitch: -5.400588
afk: false
