lastAccountName: LRIC
timestamps:
  login: 1587744925340
  logout: 1587744855905
  lastteleport: 1587744351245
ipAddress: 123.194.147.86
logoutlocation:
  world: world
  x: -687.4335784881271
  y: 61.0
  z: 146.30000001192093
  yaw: 341.14078
  pitch: 12.611376
lastlocation:
  world: world
  x: 1353.7881611040802
  y: 69.875
  z: -767.0485777184775
  yaw: 16.354858
  pitch: 69.89945
afk: false
homes:
  home:
    world: world
    x: -685.7101739488859
    y: 63.0
    z: 160.28052208867308
    yaw: -202.00916
    pitch: 14.861326
