lastAccountName: LRIC
timestamps:
  login: 1587127417727
  logout: 1587140484843
  lastteleport: 1587138648992
ipAddress: 123.194.147.86
logoutlocation:
  world: world
  x: -688.0727452562599
  y: 62.0
  z: 151.5332243324282
  yaw: -94.35828
  pitch: 30.599829
lastlocation:
  world: world
  x: -1022.7672675219923
  y: 45.0
  z: 325.07461796547796
  yaw: -235.03531
  pitch: -7.50108
afk: false
