lastAccountName: LRIC
timestamps:
  login: 1589029654093
  logout: 1587748778806
  lastteleport: 1587744351245
ipAddress: 123.194.147.86
logoutlocation:
  world: world
  x: -685.8115904840427
  y: 63.0
  z: 170.23079332486586
  yaw: -41.51239
  pitch: 15.449977
lastlocation:
  world: world
  x: 1353.7881611040802
  y: 69.875
  z: -767.0485777184775
  yaw: 16.354858
  pitch: 69.89945
afk: false
homes:
  home:
    world: world
    x: -685.7101739488859
    y: 63.0
    z: 160.28052208867308
    yaw: -202.00916
    pitch: 14.861326
