lastAccountName: LRIC
timestamps:
  login: 1586520207530
  logout: 1586521122875
  lastteleport: 1586519866875
ipAddress: 123.194.147.86
logoutlocation:
  world: world
  x: -2404.240253231043
  y: 64.0
  z: -2236.557394296121
  yaw: -306.01965
  pitch: 21.599974
lastlocation:
  world: world
  x: -829.6999999880791
  y: 80.0
  z: -760.316019073103
  yaw: 225.7555
  pitch: 17.549858
afk: false
