lastAccountName: LRIC
timestamps:
  login: 1586497019069
  logout: 1586447451849
  lastteleport: 1586507965468
ipAddress: 123.194.147.86
logoutlocation:
  world: world
  x: -687.5836488046245
  y: 62.0
  z: 152.08963535924406
  yaw: -218.25824
  pitch: 17.998848
lastlocation:
  world: world
  x: -1408.3792063646588
  y: 72.0
  z: 556.0874305361309
  yaw: -226.9137
  pitch: 43.499916
