lastAccountName: LRIC
timestamps:
  login: 1586497019069
  logout: 1586513710017
  lastteleport: 1586513682319
ipAddress: 123.194.147.86
logoutlocation:
  world: world
  x: -1326.502298423764
  y: 62.073264739703426
  z: -843.0792128353834
  yaw: 100.049904
  pitch: 6.749867
lastlocation:
  world: world
  x: -1396.104646183695
  y: 64.0
  z: 456.52190213865424
  yaw: -52.30641
  pitch: 31.950602
afk: false
