lastAccountName: LRIC
timestamps:
  login: 1589029654093
  logout: 1589038945287
  lastteleport: 1589038097864
ipAddress: 123.194.147.86
logoutlocation:
  world: world
  x: -163.27841168960387
  y: 97.60682088181207
  z: -1141.5388818657696
  yaw: -346.6626
  pitch: 8.326376
lastlocation:
  world: world
  x: 1736.5696118790288
  y: 85.43063560223517
  z: 551.9689504020178
  yaw: -88.35016
  pitch: 51.900124
afk: false
homes:
  home:
    world: world
    x: -685.7101739488859
    y: 63.0
    z: 160.28052208867308
    yaw: -202.00916
    pitch: 14.861326
