lastAccountName: LRIC
timestamps:
  login: 1586669578869
  logout: 1586659331294
  lastteleport: 1586693765087
ipAddress: 123.194.147.86
logoutlocation:
  world: world
  x: -686.6499027613122
  y: 61.0
  z: 147.21341077216832
  yaw: 359.15405
  pitch: 21.299057
lastlocation:
  world: world
  x: 1412.9061650280491
  y: 11.0
  z: -739.6314570145851
  yaw: -49.38525
  pitch: 18.749943
afk: false
