lastAccountName: LRIC
timestamps:
  login: 1587188613943
  logout: 1587176504231
  lastteleport: 1587196480778
ipAddress: 123.194.147.86
logoutlocation:
  world: world
  x: -686.3000000119209
  y: 62.0
  z: 149.92500001192093
  yaw: -359.40744
  pitch: 8.249752
lastlocation:
  world: world
  x: -688.6999999880791
  y: 62.0000002
  z: 149.07499998807907
  yaw: -56.40032
  pitch: 5.3999457
afk: false
