lastAccountName: LRIC
timestamps:
  login: 1587287057688
  logout: 1587286983720
  lastteleport: 1587287338612
ipAddress: 123.194.147.86
logoutlocation:
  world: world
  x: 281.86779529892175
  y: 91.11798127667207
  z: -648.7119068734424
  yaw: -134.55261
  pitch: 35.84963
lastlocation:
  world: world
  x: 138.8420578290047
  y: 78.0
  z: -860.4054037961971
  yaw: -121.80623
  pitch: 31.199991
afk: false
