lastAccountName: LRIC
timestamps:
  login: 1587287057688
  logout: 1587296912327
  lastteleport: 1587290769486
ipAddress: 123.194.147.86
logoutlocation:
  world: world
  x: -676.6133769618527
  y: 63.0
  z: 173.53918207863717
  yaw: -193.53613
  pitch: 17.399817
lastlocation:
  world: world
  x: -691.6999999880791
  y: 63.647583374809216
  z: 150.6497503758106
  yaw: -162.29889
  pitch: 28.799305
afk: false
homes:
  home:
    world: world
    x: -685.7101739488859
    y: 63.0
    z: 160.28052208867308
    yaw: -202.00916
    pitch: 14.861326
