lastAccountName: LRIC
timestamps:
  login: 1586669578869
  logout: 1586659331294
  lastteleport: 1586679195709
ipAddress: 123.194.147.86
logoutlocation:
  world: world
  x: -686.6499027613122
  y: 61.0
  z: 147.21341077216832
  yaw: 359.15405
  pitch: 21.299057
lastlocation:
  world: world
  x: -688.5726942364306
  y: 62.0
  z: 152.5
  yaw: 22.35002
  pitch: 8.699998
afk: true
