lastAccountName: LRIC
timestamps:
  login: 1586497019069
  logout: 1586447451849
  lastteleport: 1586500903238
ipAddress: 123.194.147.86
logoutlocation:
  world: world
  x: -687.5836488046245
  y: 62.0
  z: 152.08963535924406
  yaw: -218.25824
  pitch: 17.998848
lastlocation:
  world: world
  x: -687.3592969298843
  y: 62.0
  z: 151.22267002093963
  yaw: 344.7083
  pitch: 4.7994924
