lastAccountName: LRIC
timestamps:
  login: 1586669578869
  logout: 1586659331294
  lastteleport: 1586691477641
ipAddress: 123.194.147.86
logoutlocation:
  world: world
  x: -686.6499027613122
  y: 61.0
  z: 147.21341077216832
  yaw: 359.15405
  pitch: 21.299057
lastlocation:
  world: world
  x: 1419.0657806235208
  y: 11.0
  z: -741.3377324215543
  yaw: -210.62701
  pitch: 7.3496423
afk: false
