lastAccountName: LRIC
timestamps:
  login: 1586656391781
  logout: 1586614090744
  lastteleport: 1586659152450
ipAddress: 123.194.147.86
logoutlocation:
  world: world
  x: -687.5185473232805
  y: 62.0
  z: 150.91116870551184
  yaw: 79.627625
  pitch: 7.1999035
lastlocation:
  world: world
  x: -720.6889284003765
  y: 64.0
  z: 101.71671851526698
  yaw: -253.6135
  pitch: -12.601699
afk: false
