lastAccountName: LRIC
timestamps:
  login: 1586515648547
  logout: 1586513710017
  lastteleport: 1586518478497
ipAddress: 123.194.147.86
logoutlocation:
  world: world
  x: -1326.502298423764
  y: 62.073264739703426
  z: -843.0792128353834
  yaw: 100.049904
  pitch: 6.749867
lastlocation:
  world: world
  x: -1762.7223828780593
  y: 63.0
  z: -985.2060958307576
  yaw: -181.92157
  pitch: 13.200053
afk: false
