lastAccountName: LRIC
timestamps:
  login: 1587127417727
  logout: 1586880381610
  lastteleport: 1587137770291
ipAddress: 123.194.147.86
logoutlocation:
  world: world
  x: -692.689206565075
  y: 60.0
  z: 147.66724700027228
  yaw: 274.79688
  pitch: 16.049847
lastlocation:
  world: world
  x: -688.5
  y: 62.0000002
  z: 152.5
  yaw: 0.0
  pitch: -0.30000004
afk: false
