lastAccountName: LRIC
timestamps:
  login: 1587287057688
  logout: 1587286983720
  lastteleport: 1587290769486
ipAddress: 123.194.147.86
logoutlocation:
  world: world
  x: 281.86779529892175
  y: 91.11798127667207
  z: -648.7119068734424
  yaw: -134.55261
  pitch: 35.84963
lastlocation:
  world: world
  x: 795.1987949971025
  y: 5.0
  z: -438.5763470878111
  yaw: -91.82988
  pitch: 22.499886
afk: true
