lastAccountName: LRIC
timestamps:
  login: 1586784268094
  logout: 1586702922192
  lastteleport: 1586700226936
ipAddress: 123.194.147.86
logoutlocation:
  world: world
  x: -686.0638925968225
  y: 63.0
  z: 161.74594450114222
  yaw: -49.497314
  pitch: -1.0502203
lastlocation:
  world: world
  x: 1739.9985767614178
  y: 40.0
  z: -154.4563416328234
  yaw: -139.60832
  pitch: 21.150196
afk: false
