lastAccountName: LRIC
timestamps:
  login: 1586271260611
  logout: 1586274179022
ipAddress: 123.194.147.86
logoutlocation:
  world: world
  x: -688.5111451259103
  y: 63.0
  z: 151.07004860668482
  yaw: -341.15573
  pitch: 5.8494525
lastlocation:
  world: world
  x: 218.7239091695636
  y: 69.0
  z: 265.1169915905391
  yaw: -350.40012
  pitch: 20.700033
