lastAccountName: LRIC
timestamps:
  login: 1586669578869
  logout: 1586659331294
  lastteleport: 1586669620664
ipAddress: 123.194.147.86
logoutlocation:
  world: world
  x: -686.6499027613122
  y: 61.0
  z: 147.21341077216832
  yaw: 359.15405
  pitch: 21.299057
lastlocation:
  world: world
  x: -689.2468730334823
  y: 60.0
  z: 147.55027691671867
  yaw: 78.65497
  pitch: 27.748976
afk: false
