lastAccountName: LRIC
timestamps:
  login: 1587560870623
  logout: 1587572910143
  lastteleport: 1587570492428
ipAddress: 123.194.147.86
logoutlocation:
  world: world
  x: 1342.8184423042094
  y: 70.0
  z: -765.8121824675411
  yaw: -156.5918
  pitch: 28.349487
lastlocation:
  world: world
  x: -688.3000000119209
  y: 60.0
  z: 147.23750001192093
  yaw: -155.8089
  pitch: 17.56139
afk: false
homes:
  home:
    world: world
    x: -685.7101739488859
    y: 63.0
    z: 160.28052208867308
    yaw: -202.00916
    pitch: 14.861326
