lastAccountName: LRIC
timestamps:
  login: 1587188613943
  logout: 1587176504231
  lastteleport: 1587138648992
ipAddress: 123.194.147.86
logoutlocation:
  world: world
  x: -686.3000000119209
  y: 62.0
  z: 149.92500001192093
  yaw: -359.40744
  pitch: 8.249752
lastlocation:
  world: world
  x: -1022.7672675219923
  y: 45.0
  z: 325.07461796547796
  yaw: -235.03531
  pitch: -7.50108
afk: false
