lastAccountName: LRIC
timestamps:
  login: 1587283910264
  logout: 1587280908390
  lastteleport: 1587285673903
ipAddress: 123.194.147.86
logoutlocation:
  world: world
  x: 577.1363254395003
  y: 63.0
  z: -214.4466550172432
  yaw: -156.90327
  pitch: 38.29785
lastlocation:
  world: world
  x: 779.732982636567
  y: 9.0
  z: -442.24112536004475
  yaw: 235.03217
  pitch: -75.00072
afk: false
