lastAccountName: LRIC
timestamps:
  login: 1587269094742
  logout: 1587222372124
  lastteleport: 1587220935611
ipAddress: 123.194.147.86
logoutlocation:
  world: world
  x: -688.8216637811936
  y: 62.0
  z: 151.75060164460083
  yaw: -9.23938
  pitch: 17.84947
lastlocation:
  world: world
  x: -507.2062232737827
  y: 64.0
  z: -639.4534228318179
  yaw: -135.86609
  pitch: -2.7004075
afk: true
