lastAccountName: LRIC
timestamps:
  login: 1587269094742
  logout: 1587280908390
  lastteleport: 1587278606977
ipAddress: 123.194.147.86
logoutlocation:
  world: world
  x: 577.1363254395003
  y: 63.0
  z: -214.4466550172432
  yaw: -156.90327
  pitch: 38.29785
lastlocation:
  world: world
  x: -803.6999999880791
  y: 84.0
  z: -3162.699999988079
  yaw: -348.34412
  pitch: 41.249584
afk: false
