lastAccountName: LRIC
timestamps:
  login: 1586497019069
  logout: 1586447451849
  lastteleport: 1586446301596
ipAddress: 123.194.147.86
logoutlocation:
  world: world
  x: -687.5836488046245
  y: 62.0
  z: 152.08963535924406
  yaw: -218.25824
  pitch: 17.998848
lastlocation:
  world: world
  x: -1254.641572365607
  y: 13.0
  z: 615.5045026868171
  yaw: 174.34738
  pitch: 15.000234
