lastAccountName: LRIC
timestamps:
  login: 1587188613943
  logout: 1587176504231
  lastteleport: 1587195275746
ipAddress: 123.194.147.86
logoutlocation:
  world: world
  x: -686.3000000119209
  y: 62.0
  z: 149.92500001192093
  yaw: -359.40744
  pitch: 8.249752
lastlocation:
  world: world
  x: -728.5354737486688
  y: 63.0
  z: 170.69604143865902
  yaw: -126.81018
  pitch: 16.198427
afk: false
