lastAccountName: LRIC
timestamps:
  login: 1586442465720
  logout: 1586443017287
ipAddress: 123.194.147.86
logoutlocation:
  world: world
  x: -1210.4529821761248
  y: 67.0
  z: 375.925954774445
  yaw: 118.81268
  pitch: 7.350351
lastlocation:
  world: world
  x: -1038.9492655666297
  y: 64.0
  z: 383.0821666103652
  yaw: 96.58325
  pitch: 32.549973
