lastAccountName: LRIC
timestamps:
  login: 1586586319589
  logout: 1586521122875
  lastteleport: 1586531974742
ipAddress: 123.194.147.86
logoutlocation:
  world: world
  x: -2404.240253231043
  y: 64.0
  z: -2236.557394296121
  yaw: -306.01965
  pitch: 21.599974
lastlocation:
  world: world
  x: -687.7786517922468
  y: 62.0
  z: 152.5
  yaw: 245.39996
  pitch: 5.7000046
afk: false
