lastAccountName: LRIC
timestamps:
  login: 1586262968057
  logout: 1586182055439
ipAddress: 123.194.147.86
logoutlocation:
  world: world
  x: 219.42409291358422
  y: 69.0
  z: 265.21730223244913
  yaw: 3.9863658
  pitch: 24.59997
lastlocation:
  world: world
  x: 218.7239091695636
  y: 69.0
  z: 265.1169915905391
  yaw: -350.40012
  pitch: 20.700033
