lastAccountName: LRIC
timestamps:
  login: 1586354867215
  logout: 1586359089437
ipAddress: 123.194.147.86
logoutlocation:
  world: world
  x: -687.2433709483543
  y: 62.0
  z: 151.38301512812234
  yaw: -261.17157
  pitch: 2.9996483
lastlocation:
  world: world
  x: 218.7239091695636
  y: 69.0
  z: 265.1169915905391
  yaw: -350.40012
  pitch: 20.700033
