lastAccountName: LRIC
timestamps:
  login: 1587188613943
  logout: 1587201724014
  lastteleport: 1587196480778
ipAddress: 123.194.147.86
logoutlocation:
  world: world
  x: -679.6753980988897
  y: 16.0
  z: 186.22148737163738
  yaw: -166.25977
  pitch: 23.84997
lastlocation:
  world: world
  x: -688.6999999880791
  y: 62.0000002
  z: 149.07499998807907
  yaw: -56.40032
  pitch: 5.3999457
afk: false
