lastAccountName: LRIC
timestamps:
  login: 1587127417727
  logout: 1586880381610
  lastteleport: 1587128771992
ipAddress: 123.194.147.86
logoutlocation:
  world: world
  x: -692.689206565075
  y: 60.0
  z: 147.66724700027228
  yaw: 274.79688
  pitch: 16.049847
lastlocation:
  world: world
  x: -713.6543568031954
  y: 11.0
  z: -776.067730728313
  yaw: -233.6073
  pitch: 14.248768
afk: false
