lastAccountName: LRIC
timestamps:
  login: 1586656391781
  logout: 1586659331294
  lastteleport: 1586659152450
ipAddress: 123.194.147.86
logoutlocation:
  world: world
  x: -686.6499027613122
  y: 61.0
  z: 147.21341077216832
  yaw: 359.15405
  pitch: 21.299057
lastlocation:
  world: world
  x: -720.6889284003765
  y: 64.0
  z: 101.71671851526698
  yaw: -253.6135
  pitch: -12.601699
afk: false
