lastAccountName: LRIC
timestamps:
  login: 1587560870623
  logout: 1587296912327
  lastteleport: 1587567546383
ipAddress: 123.194.147.86
logoutlocation:
  world: world
  x: -676.6133769618527
  y: 63.0
  z: 173.53918207863717
  yaw: -193.53613
  pitch: 17.399817
lastlocation:
  world: world
  x: 1731.1062216314913
  y: 74.0
  z: 557.114839994085
  yaw: 327.04846
  pitch: 19.650015
afk: false
homes:
  home:
    world: world
    x: -685.7101739488859
    y: 63.0
    z: 160.28052208867308
    yaw: -202.00916
    pitch: 14.861326
