lastAccountName: LRIC
timestamps:
  login: 1586527417357
  logout: 1586521122875
  lastteleport: 1586528895270
ipAddress: 123.194.147.86
logoutlocation:
  world: world
  x: -2404.240253231043
  y: 64.0
  z: -2236.557394296121
  yaw: -306.01965
  pitch: 21.599974
lastlocation:
  world: world
  x: -687.6986551897273
  y: 62.0
  z: 149.8016914171001
  yaw: 160.5603
  pitch: 46.949867
afk: false
