lastAccountName: LRIC
timestamps:
  login: 1586869941856
  logout: 1586792749396
  lastteleport: 1586791574666
ipAddress: 123.194.147.86
logoutlocation:
  world: world
  x: -219.1147474027493
  y: 117.0
  z: -1074.2069484392844
  yaw: -266.45966
  pitch: 17.699942
lastlocation:
  world: world
  x: -686.6092886345936
  y: 62.0000002
  z: 151.88147396101425
  yaw: 245.99988
  pitch: 22.349976
afk: false
