lastAccountName: LRIC
timestamps:
  login: 1586669578869
  logout: 1586659331294
  lastteleport: 1586673332402
ipAddress: 123.194.147.86
logoutlocation:
  world: world
  x: -686.6499027613122
  y: 61.0
  z: 147.21341077216832
  yaw: 359.15405
  pitch: 21.299057
lastlocation:
  world: world
  x: -687.5793431082304
  y: 62.0
  z: 152.5186835002993
  yaw: -51.14999
  pitch: 25.350006
afk: false
