lastAccountName: LRIC
timestamps:
  login: 1586586319589
  logout: 1586521122875
  lastteleport: 1586592172599
ipAddress: 123.194.147.86
logoutlocation:
  world: world
  x: -2404.240253231043
  y: 64.0
  z: -2236.557394296121
  yaw: -306.01965
  pitch: 21.599974
lastlocation:
  world: world
  x: -685.9627665836862
  y: 63.0
  z: 155.24868679927653
  yaw: -168.53601
  pitch: 17.100157
afk: true
