lastAccountName: LRIC
timestamps:
  login: 1586438770527
  logout: 1586439259596
ipAddress: 123.194.147.86
logoutlocation:
  world: world
  x: -764.3309459256244
  y: 63.0
  z: 165.1390366177804
  yaw: -63.623352
  pitch: 30.15019
lastlocation:
  world: world
  x: 218.7239091695636
  y: 69.0
  z: 265.1169915905391
  yaw: -350.40012
  pitch: 20.700033
