lastAccountName: LRIC
timestamps:
  login: 1586784268094
  logout: 1586702922192
  lastteleport: 1586791574666
ipAddress: 123.194.147.86
logoutlocation:
  world: world
  x: -686.0638925968225
  y: 63.0
  z: 161.74594450114222
  yaw: -49.497314
  pitch: -1.0502203
lastlocation:
  world: world
  x: -686.6092886345936
  y: 62.0000002
  z: 151.88147396101425
  yaw: 245.99988
  pitch: 22.349976
afk: false
