lastAccountName: basic_balion
timestamps:
  login: 1591326157867
  logout: 1591338765950
  lastteleport: 1591331834387
ipAddress: 114.26.121.151
lastlocation:
  world: world
  x: -321.9046187510643
  y: 80.0
  z: -1059.813926772133
  yaw: 307.92496
  pitch: 10.799778
logoutlocation:
  world: world
  x: 784.858542342707
  y: 72.0
  z: -1752.4108705150406
  yaw: -288.96527
  pitch: 41.100006
homes:
  home:
    world: world
    x: -226.76469087400437
    y: 104.0
    z: -1069.5917115877085
    yaw: -82.44745
    pitch: 27.149954
afk: false
