lastAccountName: basic_balion
timestamps:
  login: 1586697343728
  logout: 1586707430211
  lastteleport: 1586707222613
ipAddress: 36.232.7.58
lastlocation:
  world: world
  x: -180.69999998807907
  y: 13.0
  z: -1087.9561635601076
  yaw: -186.28226
  pitch: 22.350182
logoutlocation:
  world: world
  x: -219.30366073270258
  y: 104.0
  z: -1076.5430570482079
  yaw: 146.89908
  pitch: 24.449924
homes:
  home:
    world: world
    x: -226.76469087400437
    y: 104.0
    z: -1069.5917115877085
    yaw: -82.44745
    pitch: 27.149954
afk: false
