lastAccountName: basic_balion
timestamps:
  login: 1587963286664
  logout: 1587966037729
  lastteleport: 1587964832404
ipAddress: 36.232.6.88
lastlocation:
  world: world
  x: -89.16305339291354
  y: 36.5
  z: -1101.1692588732703
  yaw: -2.63173
  pitch: -4.649573
logoutlocation:
  world: world
  x: -328.3891531881419
  y: 81.0
  z: -1058.37602054961
  yaw: -57.542297
  pitch: 21.899601
homes:
  home:
    world: world
    x: -226.76469087400437
    y: 104.0
    z: -1069.5917115877085
    yaw: -82.44745
    pitch: 27.149954
afk: false
