lastAccountName: basic_balion
timestamps:
  login: 1586678107561
  logout: 1586683606127
  lastteleport: 1586680505326
ipAddress: 36.232.7.58
lastlocation:
  world: world
  x: -301.20230171145084
  y: 86.5
  z: -1036.595465298632
  yaw: -86.499405
  pitch: 19.949495
logoutlocation:
  world: world
  x: -216.70654239101864
  y: 15.0
  z: -1065.9396121438554
  yaw: -103.14505
  pitch: 25.500017
homes:
  home:
    world: world
    x: -226.76469087400437
    y: 104.0
    z: -1069.5917115877085
    yaw: -82.44745
    pitch: 27.149954
afk: false
