lastAccountName: basic_balion
timestamps:
  login: 1589963469076
  logout: 1589968107358
  lastteleport: 1589701157773
ipAddress: 114.26.129.24
lastlocation:
  world: world
  x: -221.5
  y: 111.0
  z: -1086.5
  yaw: 87.00047
  pitch: 33.449944
logoutlocation:
  world: world
  x: 782.3532480489908
  y: 56.0
  z: -1745.699999988079
  yaw: 22.438965
  pitch: -51.600315
homes:
  home:
    world: world
    x: -226.76469087400437
    y: 104.0
    z: -1069.5917115877085
    yaw: -82.44745
    pitch: 27.149954
afk: false
