lastAccountName: basic_balion
timestamps:
  login: 1586921218456
  logout: 1586937252051
  lastteleport: 1586880423948
ipAddress: 36.235.254.23
lastlocation:
  world: world
  x: -295.3608317341776
  y: 82.74690088359883
  z: -971.3000000119209
  yaw: 141.19862
  pitch: 63.450592
logoutlocation:
  world: world
  x: -292.688668500227
  y: 123.67512800508065
  z: -956.0578153774351
  yaw: -207.74927
  pitch: 38.999508
homes:
  home:
    world: world
    x: -226.76469087400437
    y: 104.0
    z: -1069.5917115877085
    yaw: -82.44745
    pitch: 27.149954
afk: false
