lastAccountName: basic_balion
timestamps:
  login: 1588264689574
  logout: 1588265289391
  lastteleport: 1588253215268
ipAddress: 36.232.4.159
lastlocation:
  world: world
  x: -99.31739475157917
  y: 13.0
  z: -1120.4845256441156
  yaw: -169.97247
  pitch: 0.7501392
logoutlocation:
  world: world
  x: -161.02022419096696
  y: 84.0
  z: -1232.7481160491088
  yaw: 168.89618
  pitch: 28.648193
homes:
  home:
    world: world
    x: -226.76469087400437
    y: 104.0
    z: -1069.5917115877085
    yaw: -82.44745
    pitch: 27.149954
afk: false
