lastAccountName: basic_balion
timestamps:
  login: 1586649991616
  logout: 1586617057150
  lastteleport: 1586657519256
ipAddress: 36.232.7.58
lastlocation:
  world: world_nether
  x: -72.30000001192093
  y: 43.0
  z: -90.03464927267237
  yaw: 330.18066
  pitch: 32.399475
logoutlocation:
  world: world
  x: -216.2262213946138
  y: 15.0
  z: -1065.878972374334
  yaw: -285.587
  pitch: 11.250017
homes:
  home:
    world: world
    x: -226.76469087400437
    y: 104.0
    z: -1069.5917115877085
    yaw: -82.44745
    pitch: 27.149954
afk: false
