lastAccountName: basic_balion
timestamps:
  login: 1586573327239
  logout: 1586565935741
  lastteleport: 1586532096136
ipAddress: 36.232.7.58
lastlocation:
  world: world
  x: -228.9623706620892
  y: 78.0
  z: -1083.9906225708678
  yaw: 264.6891
  pitch: 54.14936
logoutlocation:
  world: world
  x: -229.35980986642804
  y: 99.0
  z: -1055.8659213473761
  yaw: -73.74936
  pitch: 49.649765
homes:
  home:
    world: world
    x: -226.76469087400437
    y: 104.0
    z: -1069.5917115877085
    yaw: -82.44745
    pitch: 27.149954
afk: false
