lastAccountName: basic_balion
timestamps:
  login: 1586678107561
  logout: 1586678076173
  lastteleport: 1586680505326
ipAddress: 36.232.7.58
lastlocation:
  world: world
  x: -301.20230171145084
  y: 86.5
  z: -1036.595465298632
  yaw: -86.499405
  pitch: 19.949495
logoutlocation:
  world: world
  x: -221.38806947851992
  y: 105.0
  z: -1088.744466408786
  yaw: -81.10078
  pitch: 14.400162
homes:
  home:
    world: world
    x: -226.76469087400437
    y: 104.0
    z: -1069.5917115877085
    yaw: -82.44745
    pitch: 27.149954
afk: false
