lastAccountName: basic_balion
timestamps:
  login: 1586587659393
  logout: 1586587532944
  lastteleport: 1586577177799
ipAddress: 36.232.7.58
lastlocation:
  world: world
  x: -240.4284732239608
  y: 100.0
  z: -1069.282787368417
  yaw: -121.214355
  pitch: 86.54971
logoutlocation:
  world: world
  x: -231.89063580870595
  y: 109.0
  z: -1079.2342040980561
  yaw: -344.85004
  pitch: 42.149487
homes:
  home:
    world: world
    x: -226.76469087400437
    y: 104.0
    z: -1069.5917115877085
    yaw: -82.44745
    pitch: 27.149954
afk: false
