lastAccountName: basic_balion
timestamps:
  login: 1590714115687
  logout: 1590738634151
  lastteleport: 1590734891587
ipAddress: 114.26.122.234
lastlocation:
  world: world
  x: -224.68455561813647
  y: 104.0
  z: -1084.1561327683044
  yaw: -227.3443
  pitch: 9.299988
logoutlocation:
  world: world
  x: 785.7735434103181
  y: 70.0
  z: -1747.955155373285
  yaw: 73.47125
  pitch: 56.700882
homes:
  home:
    world: world
    x: -226.76469087400437
    y: 104.0
    z: -1069.5917115877085
    yaw: -82.44745
    pitch: 27.149954
afk: false
