lastAccountName: basic_balion
timestamps:
  login: 1588604737142
  logout: 1588607869965
  lastteleport: 1588607570244
ipAddress: 36.232.15.158
lastlocation:
  world: world
  x: -231.54553586551668
  y: 12.0
  z: -1016.0812766293137
  yaw: -187.70435
  pitch: 3.6006117
logoutlocation:
  world: world
  x: -265.2605046398917
  y: 134.9983603380197
  z: -1044.3251939062952
  yaw: -178.29077
  pitch: 43.949722
homes:
  home:
    world: world
    x: -226.76469087400437
    y: 104.0
    z: -1069.5917115877085
    yaw: -82.44745
    pitch: 27.149954
afk: false
