lastAccountName: basic_balion
timestamps:
  login: 1588862825585
  logout: 1588864734832
  lastteleport: 1588836712758
ipAddress: 36.232.15.158
lastlocation:
  world: world
  x: -93.14548927608647
  y: 15.5
  z: -1120.093512227083
  yaw: -57.58557
  pitch: -9.599905
logoutlocation:
  world: world
  x: -226.16937811474085
  y: 104.875
  z: -1075.5302270061472
  yaw: -247.83008
  pitch: 5.700308
homes:
  home:
    world: world
    x: -226.76469087400437
    y: 104.0
    z: -1069.5917115877085
    yaw: -82.44745
    pitch: 27.149954
afk: false
