lastAccountName: basic_balion
timestamps:
  login: 1587692034302
  logout: 1587660967035
  lastteleport: 1587694013774
ipAddress: 36.232.8.157
lastlocation:
  world: world
  x: -3035.5325464094235
  y: 74.85218442300146
  z: -1671.9946960125349
  yaw: 242.26698
  pitch: 22.949923
logoutlocation:
  world: world
  x: -169.3135114486423
  y: 84.875
  z: -1231.0394358176138
  yaw: -31.25647
  pitch: 54.599415
homes:
  home:
    world: world
    x: -226.76469087400437
    y: 104.0
    z: -1069.5917115877085
    yaw: -82.44745
    pitch: 27.149954
afk: false
