lastAccountName: basic_balion
timestamps:
  login: 1595651160455
  logout: 1595656748075
  lastteleport: 1593443585801
ipAddress: 36.232.8.112
lastlocation:
  world: world
  x: 781.3030256628316
  y: 29.0
  z: -1745.699999988079
  yaw: -85.049965
  pitch: 25.04944
logoutlocation:
  world: world
  x: 838.7035839146837
  y: 63.0
  z: -1763.699999988079
  yaw: -211.40442
  pitch: 65.54975
homes:
  home:
    world: world
    x: -226.76469087400437
    y: 104.0
    z: -1069.5917115877085
    yaw: -82.44745
    pitch: 27.149954
afk: false
