lastAccountName: basic_balion
timestamps:
  login: 1587618563574
  logout: 1587618512351
  lastteleport: 1587625413373
ipAddress: 36.232.2.107
lastlocation:
  world: world
  x: -221.90631334989885
  y: 9.0
  z: -1055.6752459238367
  yaw: 327.96402
  pitch: 58.050556
logoutlocation:
  world: world
  x: -351.2943419429298
  y: 114.0
  z: -984.03762646246
  yaw: 175.5557
  pitch: 67.94996
homes:
  home:
    world: world
    x: -226.76469087400437
    y: 104.0
    z: -1069.5917115877085
    yaw: -82.44745
    pitch: 27.149954
afk: false
