lastAccountName: basic_balion
timestamps:
  login: 1590347941470
  logout: 1590348032170
  lastteleport: 1590317596253
ipAddress: 36.232.5.70
lastlocation:
  world: world
  x: 784.7677931401807
  y: 68.0
  z: -1746.300000011921
  yaw: -209.19043
  pitch: 44.249878
logoutlocation:
  world: world
  x: -88.43879580076681
  y: 55.5
  z: -1082.0503357784264
  yaw: -172.60548
  pitch: 46.799866
homes:
  home:
    world: world
    x: -226.76469087400437
    y: 104.0
    z: -1069.5917115877085
    yaw: -82.44745
    pitch: 27.149954
afk: false
