lastAccountName: basic_balion
timestamps:
  login: 1588988805659
  logout: 1588925193060
  lastteleport: 1588990845777
ipAddress: 36.232.2.144
lastlocation:
  world: world
  x: -130.30000001192093
  y: 36.0
  z: -974.6999999880791
  yaw: 275.09763
  pitch: 22.199795
logoutlocation:
  world: world
  x: -226.5
  y: 104.0
  z: -1069.5
  yaw: -81.84744
  pitch: 26.399956
homes:
  home:
    world: world
    x: -226.76469087400437
    y: 104.0
    z: -1069.5917115877085
    yaw: -82.44745
    pitch: 27.149954
afk: true
