lastAccountName: basic_balion
timestamps:
  login: 1588086181935
  logout: 1588087149295
  lastteleport: 1588006972241
ipAddress: 36.232.6.88
lastlocation:
  world: world_the_end
  x: 5194.839300326851
  y: 83.5
  z: -2826.644969121255
  yaw: 203.93066
  pitch: 51.000286
logoutlocation:
  world: world
  x: -175.684441460519
  y: 76.0
  z: -1230.9816393192982
  yaw: -1.6790466
  pitch: 77.699875
homes:
  home:
    world: world
    x: -226.76469087400437
    y: 104.0
    z: -1069.5917115877085
    yaw: -82.44745
    pitch: 27.149954
afk: false
