lastAccountName: basic_balion
timestamps:
  login: 1588917275153
  logout: 1588925193060
  lastteleport: 1588925190427
ipAddress: 36.232.2.144
lastlocation:
  world: world
  x: 285.69999998807907
  y: 66.0
  z: 1413.6884826162764
  yaw: 51.350517
  pitch: 41.249607
logoutlocation:
  world: world
  x: -226.5
  y: 104.0
  z: -1069.5
  yaw: -81.84744
  pitch: 26.399956
homes:
  home:
    world: world
    x: -226.76469087400437
    y: 104.0
    z: -1069.5917115877085
    yaw: -82.44745
    pitch: 27.149954
afk: false
