lastAccountName: basic_balion
timestamps:
  login: 1586794617280
  logout: 1586795933250
  lastteleport: 1586795865817
ipAddress: 36.232.7.58
lastlocation:
  world: world
  x: -353.12579304992005
  y: 12.0
  z: -1110.300000011921
  yaw: 283.6858
  pitch: 52.949345
logoutlocation:
  world: world
  x: -212.98750001192093
  y: 111.0
  z: -1071.7002798088945
  yaw: -317.7945
  pitch: 15.449782
homes:
  home:
    world: world
    x: -226.76469087400437
    y: 104.0
    z: -1069.5917115877085
    yaw: -82.44745
    pitch: 27.149954
afk: false
