lastAccountName: basic_balion
timestamps:
  login: 1586669383963
  logout: 1586669382514
  lastteleport: 1586668800722
ipAddress: 36.232.7.58
lastlocation:
  world: world
  x: -88.30000001192093
  y: 21.0
  z: -1116.4622118382363
  yaw: -2.1878052
  pitch: -13.050504
logoutlocation:
  world: world
  x: -217.18506845920305
  y: 14.875
  z: -1065.5592221629238
  yaw: 6.3555603
  pitch: 78.45059
homes:
  home:
    world: world
    x: -226.76469087400437
    y: 104.0
    z: -1069.5917115877085
    yaw: -82.44745
    pitch: 27.149954
afk: false
