lastAccountName: basic_balion
timestamps:
  login: 1589356883922
  logout: 1589294514164
  lastteleport: 1589359157268
ipAddress: 36.232.2.144
lastlocation:
  world: world
  x: -96.85081384445597
  y: 13.0
  z: -1120.003390803707
  yaw: -102.09716
  pitch: 6.9001083
logoutlocation:
  world: world
  x: -218.05039143256766
  y: 78.0
  z: -1078.4176395827774
  yaw: -13.565117
  pitch: 2.5504787
homes:
  home:
    world: world
    x: -226.76469087400437
    y: 104.0
    z: -1069.5917115877085
    yaw: -82.44745
    pitch: 27.149954
afk: false
