lastAccountName: basic_balion
timestamps:
  login: 1590117043295
  logout: 1590135799251
  lastteleport: 1590127823831
ipAddress: 114.26.129.24
lastlocation:
  world: world
  x: 792.3464727967565
  y: 36.0
  z: -1750.182092136108
  yaw: 182.71596
  pitch: -9.150598
logoutlocation:
  world: world
  x: 782.9613764397828
  y: 70.0
  z: -1748.2166276260098
  yaw: 91.71216
  pitch: 35.850357
homes:
  home:
    world: world
    x: -226.76469087400437
    y: 104.0
    z: -1069.5917115877085
    yaw: -82.44745
    pitch: 27.149954
afk: false
