lastAccountName: basic_balion
timestamps:
  login: 1591798653049
  logout: 1591799091304
  lastteleport: 1591687144665
ipAddress: 36.232.3.75
lastlocation:
  world: world_the_end
  x: 24.884582898484126
  y: 1.0625
  z: -243.40309610701397
  yaw: 131.38863
  pitch: 30.600044
logoutlocation:
  world: world
  x: 768.1115623559557
  y: 59.756610201499036
  z: -1693.5728994788808
  yaw: -164.94243
  pitch: 31.800379
homes:
  home:
    world: world
    x: -226.76469087400437
    y: 104.0
    z: -1069.5917115877085
    yaw: -82.44745
    pitch: 27.149954
afk: false
