lastAccountName: basic_balion
timestamps:
  login: 1586573327239
  logout: 1586565935741
  lastteleport: 1586575480111
ipAddress: 36.232.7.58
lastlocation:
  world: world
  x: -229.00326949346697
  y: 80.0
  z: -1078.1245556219314
  yaw: -201.44464
  pitch: 62.099716
logoutlocation:
  world: world
  x: -229.35980986642804
  y: 99.0
  z: -1055.8659213473761
  yaw: -73.74936
  pitch: 49.649765
homes:
  home:
    world: world
    x: -226.76469087400437
    y: 104.0
    z: -1069.5917115877085
    yaw: -82.44745
    pitch: 27.149954
afk: false
