lastAccountName: basic_balion
timestamps:
  login: 1587582259650
  logout: 1587584588859
  lastteleport: 1587583220943
ipAddress: 36.232.2.107
lastlocation:
  world: world
  x: -223.01313619010475
  y: 8.0
  z: -1061.163126975682
  yaw: -9.85089
  pitch: 20.549543
logoutlocation:
  world: world
  x: -165.36758073893802
  y: 84.0
  z: -1227.6628821711474
  yaw: -359.795
  pitch: 22.649988
homes:
  home:
    world: world
    x: -226.76469087400437
    y: 104.0
    z: -1069.5917115877085
    yaw: -82.44745
    pitch: 27.149954
afk: false
