lastAccountName: basic_balion
timestamps:
  login: 1588917275153
  logout: 1588914880504
  lastteleport: 1588922805978
ipAddress: 36.232.2.144
lastlocation:
  world: world
  x: -248.70142811424205
  y: 93.0
  z: -1057.0515362416495
  yaw: 38.34253
  pitch: -8.400008
logoutlocation:
  world: world
  x: -235.30000001192093
  y: 117.38054448481127
  z: -1059.6262092402576
  yaw: -115.02179
  pitch: 35.249996
homes:
  home:
    world: world
    x: -226.76469087400437
    y: 104.0
    z: -1069.5917115877085
    yaw: -82.44745
    pitch: 27.149954
afk: false
