lastAccountName: basic_balion
timestamps:
  login: 1586403941374
  logout: 1586402659403
ipAddress: 36.232.10.211
lastlocation:
  world: world
  x: 212.0
  y: 65.0
  z: 271.0
  yaw: 0.0
  pitch: 0.0
logoutlocation:
  world: world
  x: -231.57358358209356
  y: 35.0
  z: -1065.675549978431
  yaw: 293.47864
  pitch: 44.85053
