lastAccountName: basic_balion
timestamps:
  login: 1588002793834
  logout: 1588002770682
  lastteleport: 1588003755652
ipAddress: 36.232.6.88
lastlocation:
  world: world
  x: -257.92586099515154
  y: 95.66366262296093
  z: -1096.4697544524945
  yaw: 228.6322
  pitch: 47.550262
logoutlocation:
  world: world
  x: -99.87066471124268
  y: 13.0
  z: -1120.338340974129
  yaw: -45.1787
  pitch: -61.650597
homes:
  home:
    world: world
    x: -226.76469087400437
    y: 104.0
    z: -1069.5917115877085
    yaw: -82.44745
    pitch: 27.149954
afk: false
