lastAccountName: basic_balion
timestamps:
  login: 1586447078902
  logout: 1586453296939
  lastteleport: 1586451954159
ipAddress: 36.232.10.211
lastlocation:
  world: world
  x: -821.4576955032962
  y: 73.0
  z: -764.3583175203844
  yaw: -17.25122
  pitch: 50.099533
logoutlocation:
  world: world
  x: -230.33259429351713
  y: 104.5
  z: -1065.254020648376
  yaw: 222.47424
  pitch: 10.800083
homes:
  home:
    world: world
    x: -226.76469087400437
    y: 104.0
    z: -1069.5917115877085
    yaw: -82.44745
    pitch: 27.149954
