lastAccountName: basic_balion
timestamps:
  login: 1586878365998
  logout: 1586795933250
  lastteleport: 1586880423948
ipAddress: 36.235.254.23
lastlocation:
  world: world
  x: -291.614717331487
  y: 71.76717196787844
  z: -1071.8254012872433
  yaw: 310.1286
  pitch: 20.398888
logoutlocation:
  world: world
  x: -212.98750001192093
  y: 111.0
  z: -1071.7002798088945
  yaw: -317.7945
  pitch: 15.449782
homes:
  home:
    world: world
    x: -226.76469087400437
    y: 104.0
    z: -1069.5917115877085
    yaw: -82.44745
    pitch: 27.149954
afk: false
