lastAccountName: basic_balion
timestamps:
  login: 1586995254921
  logout: 1586965906883
  lastteleport: 1586997112629
ipAddress: 36.235.254.23
lastlocation:
  world: world_nether
  x: 67.54466421956221
  y: 63.0
  z: -301.06277422611333
  yaw: -348.16663
  pitch: 33.45015
logoutlocation:
  world: world
  x: -100.01924789266053
  y: 13.0
  z: -1120.762499988079
  yaw: 212.5374
  pitch: -8.700252
homes:
  home:
    world: world
    x: -226.76469087400437
    y: 104.0
    z: -1069.5917115877085
    yaw: -82.44745
    pitch: 27.149954
afk: false
