lastAccountName: basic_balion
timestamps:
  login: 1590649684770
  logout: 1590649647809
  lastteleport: 1590654495488
ipAddress: 114.26.122.234
lastlocation:
  world: world
  x: 782.5
  y: 68.0
  z: -1744.5
  yaw: -179.7713
  pitch: 15.299923
logoutlocation:
  world: world
  x: -99.568373142565
  y: 13.0
  z: -1120.699999988079
  yaw: -166.75255
  pitch: -9.750135
homes:
  home:
    world: world
    x: -226.76469087400437
    y: 104.0
    z: -1069.5917115877085
    yaw: -82.44745
    pitch: 27.149954
afk: false
