lastAccountName: basic_balion
timestamps:
  login: 1586745826119
  logout: 1586751480281
  lastteleport: 1586707222613
ipAddress: 36.232.7.58
lastlocation:
  world: world
  x: 227.29517906247557
  y: 75.05834506490453
  z: 266.290316201775
  yaw: 163.34857
  pitch: 13.499987
logoutlocation:
  world: world
  x: -223.30000001192093
  y: 105.02442408821369
  z: -1100.137499988079
  yaw: 275.2508
  pitch: 23.099735
homes:
  home:
    world: world
    x: -226.76469087400437
    y: 104.0
    z: -1069.5917115877085
    yaw: -82.44745
    pitch: 27.149954
afk: false
