lastAccountName: basic_balion
timestamps:
  login: 1588723545576
  logout: 1588728282728
  lastteleport: 1588727702454
ipAddress: 36.232.15.158
lastlocation:
  world: world
  x: -89.4896294673048
  y: 24.0
  z: -1113.7610949229177
  yaw: 22.694336
  pitch: 22.200336
logoutlocation:
  world: world
  x: -217.48780484288105
  y: 87.0
  z: -1074.557713367903
  yaw: -47.626972
  pitch: 20.84973
homes:
  home:
    world: world
    x: -226.76469087400437
    y: 104.0
    z: -1069.5917115877085
    yaw: -82.44745
    pitch: 27.149954
afk: false
