lastAccountName: basic_balion
timestamps:
  login: 1590072519185
  logout: 1590077427093
  lastteleport: 1590074419559
ipAddress: 114.26.129.24
lastlocation:
  world: world
  x: -221.5
  y: 111.0
  z: -1086.5
  yaw: -27.449522
  pitch: 6.449988
logoutlocation:
  world: world
  x: 782.7556570515285
  y: 71.0
  z: -1750.2322998090076
  yaw: 196.0232
  pitch: 39.749893
homes:
  home:
    world: world
    x: -226.76469087400437
    y: 104.0
    z: -1069.5917115877085
    yaw: -82.44745
    pitch: 27.149954
afk: false
