lastAccountName: basic_balion
timestamps:
  login: 1588552386588
  logout: 1588563698476
  lastteleport: 1588558908060
ipAddress: 36.232.15.158
lastlocation:
  world: world
  x: -1224.7320879521978
  y: 91.49669555343561
  z: -1999.4124137793838
  yaw: -159.29028
  pitch: 37.500042
logoutlocation:
  world: world
  x: -156.59581135574086
  y: 96.5269568930831
  z: -1218.067053764878
  yaw: -113.23462
  pitch: 23.549519
homes:
  home:
    world: world
    x: -226.76469087400437
    y: 104.0
    z: -1069.5917115877085
    yaw: -82.44745
    pitch: 27.149954
afk: false
