lastAccountName: basic_balion
timestamps:
  login: 1587515825292
  logout: 1587518991662
  lastteleport: 1587483811294
ipAddress: 36.232.2.107
lastlocation:
  world: world
  x: 269.30000001192093
  y: 35.32083525715852
  z: -2505.300000011921
  yaw: 347.81677
  pitch: 13.199474
logoutlocation:
  world: world
  x: -219.28402630179025
  y: 78.0
  z: -1065.598030321546
  yaw: 143.30615
  pitch: -11.70009
homes:
  home:
    world: world
    x: -226.76469087400437
    y: 104.0
    z: -1069.5917115877085
    yaw: -82.44745
    pitch: 27.149954
afk: false
