lastAccountName: basic_balion
timestamps:
  login: 1587566298160
  logout: 1587546999730
  lastteleport: 1587567440234
ipAddress: 36.232.2.107
lastlocation:
  world: world
  x: -222.60855015467476
  y: 33.626163450889536
  z: -1070.0159505672216
  yaw: 222.91919
  pitch: -73.05006
logoutlocation:
  world: world
  x: -224.05668814421273
  y: 104.0
  z: -1079.6160658912618
  yaw: -275.10077
  pitch: 27.599743
homes:
  home:
    world: world
    x: -226.76469087400437
    y: 104.0
    z: -1069.5917115877085
    yaw: -82.44745
    pitch: 27.149954
afk: false
