lastAccountName: basic_balion
timestamps:
  login: 1587257441367
  logout: 1587260738844
  lastteleport: 1587259353016
ipAddress: 36.235.254.23
lastlocation:
  world: world_nether
  x: -15.300761795286736
  y: 57.0
  z: 167.02425774459883
  yaw: 312.81372
  pitch: 29.099735
logoutlocation:
  world: world
  x: -219.98253651367122
  y: 104.0
  z: -1080.1266777064275
  yaw: 352.54456
  pitch: 47.849712
homes:
  home:
    world: world
    x: -226.76469087400437
    y: 104.0
    z: -1069.5917115877085
    yaw: -82.44745
    pitch: 27.149954
afk: false
