lastAccountName: basic_balion
timestamps:
  login: 1586600500196
  logout: 1586600474307
  lastteleport: 1586604269146
ipAddress: 36.232.7.58
lastlocation:
  world: world
  x: -306.69999998807907
  y: 84.9375
  z: -1030.662045415638
  yaw: 256.69443
  pitch: 19.049559
logoutlocation:
  world: world
  x: -201.1309925249413
  y: 79.0
  z: -1077.0435607124698
  yaw: -21.643433
  pitch: 48.300236
homes:
  home:
    world: world
    x: -226.76469087400437
    y: 104.0
    z: -1069.5917115877085
    yaw: -82.44745
    pitch: 27.149954
afk: false
