lastAccountName: basic_balion
timestamps:
  login: 1587296943406
  logout: 1587297110365
  lastteleport: 1587259353016
ipAddress: 36.235.254.23
lastlocation:
  world: world_nether
  x: -15.300761795286736
  y: 57.0
  z: 167.02425774459883
  yaw: 312.81372
  pitch: 29.099735
logoutlocation:
  world: world
  x: -277.33253923670446
  y: 104.96558571898926
  z: -992.8200728891288
  yaw: 32.901127
  pitch: -5.100424
homes:
  home:
    world: world
    x: -226.76469087400437
    y: 104.0
    z: -1069.5917115877085
    yaw: -82.44745
    pitch: 27.149954
afk: false
