lastAccountName: basic_balion
timestamps:
  login: 1591248933143
  logout: 1590738634151
  lastteleport: 1591249036079
ipAddress: 36.232.9.167
lastlocation:
  world: world
  x: -224.5
  y: 104.0
  z: -1084.5
  yaw: -88.294014
  pitch: 12.599983
logoutlocation:
  world: world
  x: 785.7735434103181
  y: 70.0
  z: -1747.955155373285
  yaw: 73.47125
  pitch: 56.700882
homes:
  home:
    world: world
    x: -226.76469087400437
    y: 104.0
    z: -1069.5917115877085
    yaw: -82.44745
    pitch: 27.149954
afk: false
