lastAccountName: basic_balion
timestamps:
  login: 1586600500196
  logout: 1586600474307
  lastteleport: 1586601739755
ipAddress: 36.232.7.58
lastlocation:
  world: world
  x: -244.5295543755392
  y: 71.0
  z: -910.8887640615494
  yaw: -189.79681
  pitch: 35.099686
logoutlocation:
  world: world
  x: -201.1309925249413
  y: 79.0
  z: -1077.0435607124698
  yaw: -21.643433
  pitch: 48.300236
homes:
  home:
    world: world
    x: -226.76469087400437
    y: 104.0
    z: -1069.5917115877085
    yaw: -82.44745
    pitch: 27.149954
afk: false
