lastAccountName: basic_balion
timestamps:
  login: 1587949209501
  logout: 1587918395095
  lastteleport: 1587915126366
ipAddress: 36.232.6.88
lastlocation:
  world: world
  x: -314.6621257566153
  y: 76.0
  z: -1053.3479848735133
  yaw: -122.46698
  pitch: 12.900161
logoutlocation:
  world: world
  x: -334.80144100688693
  y: 90.99323530006211
  z: -1053.481247103123
  yaw: 32.82605
  pitch: 31.649717
homes:
  home:
    world: world
    x: -226.76469087400437
    y: 104.0
    z: -1069.5917115877085
    yaw: -82.44745
    pitch: 27.149954
afk: false
