lastAccountName: basic_balion
timestamps:
  login: 1588639993053
  logout: 1588640784808
  lastteleport: 1588607570244
ipAddress: 111.83.150.35
lastlocation:
  world: world
  x: -231.54553586551668
  y: 12.0
  z: -1016.0812766293137
  yaw: -187.70435
  pitch: 3.6006117
logoutlocation:
  world: world
  x: -508.67805576069327
  y: 12.0
  z: -1047.407863989762
  yaw: 86.909645
  pitch: 8.84996
homes:
  home:
    world: world
    x: -226.76469087400437
    y: 104.0
    z: -1069.5917115877085
    yaw: -82.44745
    pitch: 27.149954
afk: false
