lastAccountName: basic_balion
timestamps:
  login: 1587566298160
  logout: 1587546999730
  lastteleport: 1587573144294
ipAddress: 36.232.2.107
lastlocation:
  world: world
  x: -101.72533987053066
  y: 12.368907480229485
  z: -1124.762499988079
  yaw: -222.12895
  pitch: 65.84969
logoutlocation:
  world: world
  x: -224.05668814421273
  y: 104.0
  z: -1079.6160658912618
  yaw: -275.10077
  pitch: 27.599743
homes:
  home:
    world: world
    x: -226.76469087400437
    y: 104.0
    z: -1069.5917115877085
    yaw: -82.44745
    pitch: 27.149954
afk: false
