lastAccountName: basic_balion
timestamps:
  login: 1587047650641
  logout: 1587000876924
  lastteleport: 1587048044383
ipAddress: 36.235.254.23
lastlocation:
  world: world
  x: -168.2205027222872
  y: 9.0
  z: -1126.6317290290528
  yaw: -94.833984
  pitch: 24.45038
logoutlocation:
  world: world
  x: -286.96669631706897
  y: 76.0
  z: -965.559593277477
  yaw: -118.44208
  pitch: 7.200656
homes:
  home:
    world: world
    x: -226.76469087400437
    y: 104.0
    z: -1069.5917115877085
    yaw: -82.44745
    pitch: 27.149954
afk: false
