lastAccountName: basic_balion
timestamps:
  login: 1586447078902
  logout: 1586446704362
  lastteleport: 1586450060754
ipAddress: 36.232.10.211
lastlocation:
  world: world
  x: 239.50486823606573
  y: 80.0
  z: -832.7512402191791
  yaw: 235.97346
  pitch: 14.399826
logoutlocation:
  world: world
  x: -226.7168095580612
  y: 111.0
  z: -1062.9729834807235
  yaw: -149.02986
  pitch: 18.601004
homes:
  home:
    world: world
    x: -226.76469087400437
    y: 104.0
    z: -1069.5917115877085
    yaw: -82.44745
    pitch: 27.149954
