lastAccountName: basic_balion
timestamps:
  login: 1587798823159
  logout: 1587791825334
  lastteleport: 1587786180138
ipAddress: 36.232.8.157
lastlocation:
  world: world
  x: -56.79001555237498
  y: 144.64238500923335
  z: -1100.3258303941557
  yaw: 195.21466
  pitch: 66.89983
logoutlocation:
  world: world
  x: -164.93112062221653
  y: 84.0
  z: -1230.4601401133393
  yaw: -90.16583
  pitch: -46.200615
homes:
  home:
    world: world
    x: -226.76469087400437
    y: 104.0
    z: -1069.5917115877085
    yaw: -82.44745
    pitch: 27.149954
afk: false
