lastAccountName: basic_balion
timestamps:
  login: 1591248933143
  logout: 1591258732152
  lastteleport: 1591258645380
ipAddress: 36.232.9.167
lastlocation:
  world: world
  x: 791.7581216789396
  y: 25.49520087700591
  z: -1766.7064768988987
  yaw: 286.78848
  pitch: 18.600458
logoutlocation:
  world: world
  x: -226.5
  y: 104.0
  z: -1069.5
  yaw: -87.54744
  pitch: 23.699963
homes:
  home:
    world: world
    x: -226.76469087400437
    y: 104.0
    z: -1069.5917115877085
    yaw: -82.44745
    pitch: 27.149954
afk: false
