lastAccountName: basic_balion
timestamps:
  login: 1589294441422
  logout: 1589294514164
  lastteleport: 1589122335438
ipAddress: 36.232.2.144
lastlocation:
  world: world
  x: -293.32153769072204
  y: 76.0
  z: -967.3000000119209
  yaw: -182.60867
  pitch: 10.049859
logoutlocation:
  world: world
  x: -218.05039143256766
  y: 78.0
  z: -1078.4176395827774
  yaw: -13.565117
  pitch: 2.5504787
homes:
  home:
    world: world
    x: -226.76469087400437
    y: 104.0
    z: -1069.5917115877085
    yaw: -82.44745
    pitch: 27.149954
afk: false
