lastAccountName: basic_balion
timestamps:
  login: 1586494976820
  logout: 1586499825220
  lastteleport: 1586498829674
ipAddress: 36.232.7.58
lastlocation:
  world: world_nether
  x: -145.35319281954602
  y: 41.0
  z: 377.3007054195324
  yaw: 13.147522
  pitch: -16.498863
logoutlocation:
  world: world
  x: -230.58540177198134
  y: 93.0
  z: -1066.3170894010757
  yaw: 243.1222
  pitch: 28.499413
homes:
  home:
    world: world
    x: -226.76469087400437
    y: 104.0
    z: -1069.5917115877085
    yaw: -82.44745
    pitch: 27.149954
afk: false
