lastAccountName: basic_balion
timestamps:
  login: 1591294784700
  logout: 1591305218955
  lastteleport: 1591299787688
ipAddress: 36.232.9.167
lastlocation:
  world: world
  x: 794.9043619455484
  y: 25.0
  z: -1750.7231244894301
  yaw: -34.368355
  pitch: -16.200274
logoutlocation:
  world: world
  x: -296.30000001192093
  y: 79.0
  z: -1033.300000011921
  yaw: 287.11307
  pitch: 87.15015
homes:
  home:
    world: world
    x: -226.76469087400437
    y: 104.0
    z: -1069.5917115877085
    yaw: -82.44745
    pitch: 27.149954
afk: false
