lastAccountName: basic_balion
timestamps:
  login: 1587652986077
  logout: 1587630321105
  lastteleport: 1587625413373
ipAddress: 36.232.2.107
lastlocation:
  world: world
  x: -221.90631334989885
  y: 9.0
  z: -1055.6752459238367
  yaw: 327.96402
  pitch: 58.050556
logoutlocation:
  world: world
  x: -144.75792636107593
  y: 84.875
  z: -1231.479432536968
  yaw: 277.51953
  pitch: 39.000034
homes:
  home:
    world: world
    x: -226.76469087400437
    y: 104.0
    z: -1069.5917115877085
    yaw: -82.44745
    pitch: 27.149954
afk: false
