lastAccountName: basic_balion
timestamps:
  login: 1587566298160
  logout: 1587576212873
  lastteleport: 1587575474593
ipAddress: 36.232.2.107
lastlocation:
  world: world
  x: -97.77686977293172
  y: 13.0
  z: -1119.6457093342183
  yaw: -78.66654
  pitch: 14.399593
logoutlocation:
  world: world
  x: -371.5026062128974
  y: 106.62393863192504
  z: -1002.627374066819
  yaw: -31.582762
  pitch: 58.349876
homes:
  home:
    world: world
    x: -226.76469087400437
    y: 104.0
    z: -1069.5917115877085
    yaw: -82.44745
    pitch: 27.149954
afk: false
