lastAccountName: basic_balion
timestamps:
  login: 1587652986077
  logout: 1587660967035
  lastteleport: 1587659964492
ipAddress: 36.232.2.107
lastlocation:
  world: world
  x: -92.0096929704908
  y: 16.5
  z: -1119.300000011921
  yaw: -77.65112
  pitch: 33.74975
logoutlocation:
  world: world
  x: -169.3135114486423
  y: 84.875
  z: -1231.0394358176138
  yaw: -31.25647
  pitch: 54.599415
homes:
  home:
    world: world
    x: -226.76469087400437
    y: 104.0
    z: -1069.5917115877085
    yaw: -82.44745
    pitch: 27.149954
afk: false
