lastAccountName: basic_balion
timestamps:
  login: 1589098972686
  logout: 1589098939335
  lastteleport: 1589097720022
ipAddress: 36.232.2.144
lastlocation:
  world: world
  x: -110.92853505346876
  y: 66.24854691393493
  z: -2115.8589366387714
  yaw: -79.65921
  pitch: 75.59985
logoutlocation:
  world: world
  x: -206.92519571853168
  y: 87.95738716702934
  z: -1065.3489673053064
  yaw: 160.98814
  pitch: 19.650103
homes:
  home:
    world: world
    x: -226.76469087400437
    y: 104.0
    z: -1069.5917115877085
    yaw: -82.44745
    pitch: 27.149954
afk: false
