lastAccountName: basic_balion
timestamps:
  login: 1587798823159
  logout: 1587801943056
  lastteleport: 1587786180138
ipAddress: 36.232.8.157
lastlocation:
  world: world
  x: -56.79001555237498
  y: 144.64238500923335
  z: -1100.3258303941557
  yaw: 195.21466
  pitch: 66.89983
logoutlocation:
  world: world
  x: -168.98883063667625
  y: 85.0
  z: -1231.6671450454216
  yaw: -78.25256
  pitch: 39.900345
homes:
  home:
    world: world
    x: -226.76469087400437
    y: 104.0
    z: -1069.5917115877085
    yaw: -82.44745
    pitch: 27.149954
afk: false
