lastAccountName: basic_balion
timestamps:
  login: 1587047650641
  logout: 1587056215982
  lastteleport: 1587054557498
ipAddress: 36.235.254.23
lastlocation:
  world: world
  x: -219.88661614441088
  y: 12.0
  z: -1080.3065022873075
  yaw: 39.510284
  pitch: 16.34932
logoutlocation:
  world: world
  x: -223.30000001192093
  y: 104.0
  z: -1071.4791558126426
  yaw: -122.33838
  pitch: 24.90016
homes:
  home:
    world: world
    x: -226.76469087400437
    y: 104.0
    z: -1069.5917115877085
    yaw: -82.44745
    pitch: 27.149954
afk: false
