lastAccountName: basic_balion
timestamps:
  login: 1588222979417
  logout: 1588258272168
  lastteleport: 1588253215268
ipAddress: 36.232.4.159
lastlocation:
  world: world
  x: -99.31739475157917
  y: 13.0
  z: -1120.4845256441156
  yaw: -169.97247
  pitch: 0.7501392
logoutlocation:
  world: world
  x: -125.41126717035803
  y: 84.0
  z: -1192.300000011921
  yaw: -100.20361
  pitch: 26.097788
homes:
  home:
    world: world
    x: -226.76469087400437
    y: 104.0
    z: -1069.5917115877085
    yaw: -82.44745
    pitch: 27.149954
afk: false
