lastAccountName: basic_balion
timestamps:
  login: 1587222470941
  logout: 1587223519565
  lastteleport: 1587054557498
ipAddress: 36.235.254.23
lastlocation:
  world: world
  x: -219.88661614441088
  y: 12.0
  z: -1080.3065022873075
  yaw: 39.510284
  pitch: 16.34932
logoutlocation:
  world: world
  x: -99.40075051899683
  y: 13.0
  z: -1120.762499988079
  yaw: -181.78235
  pitch: -16.500975
homes:
  home:
    world: world
    x: -226.76469087400437
    y: 104.0
    z: -1069.5917115877085
    yaw: -82.44745
    pitch: 27.149954
afk: false
