lastAccountName: basic_balion
timestamps:
  login: 1586494976820
  logout: 1586494900721
  lastteleport: 1586497227686
ipAddress: 36.232.7.58
lastlocation:
  world: world_nether
  x: 92.46981329061978
  y: 78.0
  z: -50.12258083543278
  yaw: -143.20877
  pitch: 39.59996
logoutlocation:
  world: world
  x: -218.3263774422271
  y: 78.0
  z: -1084.2365812970872
  yaw: -207.11938
  pitch: 18.749495
homes:
  home:
    world: world
    x: -226.76469087400437
    y: 104.0
    z: -1069.5917115877085
    yaw: -82.44745
    pitch: 27.149954
afk: false
