lastAccountName: basic_balion
timestamps:
  login: 1589464967100
  logout: 1589473257323
  lastteleport: 1589467691579
ipAddress: 36.232.2.144
lastlocation:
  world: world
  x: 1287.5708614537361
  y: 84.0
  z: -1629.4331601720844
  yaw: 154.307
  pitch: 24.89954
logoutlocation:
  world: world
  x: -99.1709850233504
  y: 13.0
  z: -1119.496770625056
  yaw: -83.22815
  pitch: 33.599648
homes:
  home:
    world: world
    x: -226.76469087400437
    y: 104.0
    z: -1069.5917115877085
    yaw: -82.44745
    pitch: 27.149954
afk: false
