lastAccountName: basic_balion
timestamps:
  login: 1586697343728
  logout: 1586683606127
  lastteleport: 1586698760190
ipAddress: 36.232.7.58
lastlocation:
  world: world
  x: -221.70000002533197
  y: 111.0000002
  z: -1058.700000025332
  yaw: -356.36847
  pitch: 3.0000007
logoutlocation:
  world: world
  x: -216.70654239101864
  y: 15.0
  z: -1065.9396121438554
  yaw: -103.14505
  pitch: 25.500017
homes:
  home:
    world: world
    x: -226.76469087400437
    y: 104.0
    z: -1069.5917115877085
    yaw: -82.44745
    pitch: 27.149954
afk: false
