lastAccountName: basic_balion
timestamps:
  login: 1586411594491
  logout: 1586411485977
ipAddress: 36.232.10.211
lastlocation:
  world: world
  x: 212.0
  y: 65.0
  z: 271.0
  yaw: 0.0
  pitch: 0.0
logoutlocation:
  world: world
  x: -224.72320368284198
  y: 104.0
  z: -1072.116167421312
  yaw: -129.84314
  pitch: 13.7993355
