lastAccountName: basic_balion
timestamps:
  login: 1591281971536
  logout: 1591258732152
  lastteleport: 1591285017679
ipAddress: 36.232.9.167
lastlocation:
  world: world_the_end
  x: 22.58513596905087
  y: 2.0
  z: -246.91850714774918
  yaw: 243.33862
  pitch: 37.349472
logoutlocation:
  world: world
  x: -226.5
  y: 104.0
  z: -1069.5
  yaw: -87.54744
  pitch: 23.699963
homes:
  home:
    world: world
    x: -226.76469087400437
    y: 104.0
    z: -1069.5917115877085
    yaw: -82.44745
    pitch: 27.149954
afk: false
