lastAccountName: basic_balion
timestamps:
  login: 1589036829458
  logout: 1589013007381
  lastteleport: 1588990845777
ipAddress: 36.232.2.144
lastlocation:
  world: world
  x: -130.30000001192093
  y: 36.0
  z: -974.6999999880791
  yaw: 275.09763
  pitch: 22.199795
logoutlocation:
  world: world
  x: -210.74289153618724
  y: 96.0
  z: -1079.3437635495288
  yaw: -11.656372
  pitch: 39.599457
homes:
  home:
    world: world
    x: -226.76469087400437
    y: 104.0
    z: -1069.5917115877085
    yaw: -82.44745
    pitch: 27.149954
afk: false
