lastAccountName: basic_balion
timestamps:
  login: 1586357185259
  logout: 1586357182480
ipAddress: 36.232.10.211
lastlocation:
  world: world
  x: 212.0
  y: 65.0
  z: 271.0
  yaw: 0.0
  pitch: 0.0
logoutlocation:
  world: world
  x: 219.5
  y: 69.0
  z: 265.5
  yaw: -66.51403
  pitch: 16.94974
