lastAccountName: basic_balion
timestamps:
  login: 1591776896702
  logout: 1591776991442
  lastteleport: 1591687144665
ipAddress: 36.232.3.75
lastlocation:
  world: world_the_end
  x: 24.884582898484126
  y: 1.0625
  z: -243.40309610701397
  yaw: 131.38863
  pitch: 30.600044
logoutlocation:
  world: world
  x: 758.443255768485
  y: 66.8818326770484
  z: -1707.040065461004
  yaw: -63.230713
  pitch: 39.149822
homes:
  home:
    world: world
    x: -226.76469087400437
    y: 104.0
    z: -1069.5917115877085
    yaw: -82.44745
    pitch: 27.149954
afk: false
