lastAccountName: basic_balion
timestamps:
  login: 1587692034302
  logout: 1587717079566
  lastteleport: 1587716891406
ipAddress: 36.232.8.157
lastlocation:
  world: world
  x: -94.11375542805968
  y: 14.5
  z: -1120.699999988079
  yaw: -93.13757
  pitch: 19.94998
logoutlocation:
  world: world
  x: -221.1171453874986
  y: 104.0
  z: -1081.824999988079
  yaw: -247.74384
  pitch: 22.799885
homes:
  home:
    world: world
    x: -226.76469087400437
    y: 104.0
    z: -1069.5917115877085
    yaw: -82.44745
    pitch: 27.149954
afk: false
