lastAccountName: basic_balion
timestamps:
  login: 1586946385118
  logout: 1586965906883
  lastteleport: 1586962089756
ipAddress: 36.235.254.23
lastlocation:
  world: world
  x: -733.1395049067231
  y: 12.0
  z: -1085.4275040842058
  yaw: -83.272156
  pitch: 9.45054
logoutlocation:
  world: world
  x: -100.01924789266053
  y: 13.0
  z: -1120.762499988079
  yaw: 212.5374
  pitch: -8.700252
homes:
  home:
    world: world
    x: -226.76469087400437
    y: 104.0
    z: -1069.5917115877085
    yaw: -82.44745
    pitch: 27.149954
afk: false
