lastAccountName: basic_balion
timestamps:
  login: 1587900566841
  logout: 1587900555586
  lastteleport: 1587827751888
ipAddress: 36.232.8.157
lastlocation:
  world: world
  x: 1933.1206482982088
  y: 87.11813596549652
  z: -414.57496769193347
  yaw: 19.26716
  pitch: 76.05053
logoutlocation:
  world: world
  x: -328.69999998807907
  y: 80.0
  z: -1056.4938318695874
  yaw: -348.1797
  pitch: 11.39967
homes:
  home:
    world: world
    x: -226.76469087400437
    y: 104.0
    z: -1069.5917115877085
    yaw: -82.44745
    pitch: 27.149954
afk: true
