lastAccountName: basic_balion
timestamps:
  login: 1586921218456
  logout: 1586921205673
  lastteleport: 1586880423948
ipAddress: 36.235.254.23
lastlocation:
  world: world
  x: -295.3608317341776
  y: 82.74690088359883
  z: -971.3000000119209
  yaw: 141.19862
  pitch: 63.450592
logoutlocation:
  world: world
  x: -215.24677623875792
  y: 92.0
  z: -1035.8802951894531
  yaw: 117.579834
  pitch: 43.049614
homes:
  home:
    world: world
    x: -226.76469087400437
    y: 104.0
    z: -1069.5917115877085
    yaw: -82.44745
    pitch: 27.149954
afk: true
