lastAccountName: basic_balion
timestamps:
  login: 1588832826983
  logout: 1588829378536
  lastteleport: 1588836712758
ipAddress: 36.232.15.158
lastlocation:
  world: world
  x: -93.14548927608647
  y: 15.5
  z: -1120.093512227083
  yaw: -57.58557
  pitch: -9.599905
logoutlocation:
  world: world
  x: -220.63267514593136
  y: 104.0
  z: -1087.316849904734
  yaw: -260.1195
  pitch: 17.850088
homes:
  home:
    world: world
    x: -226.76469087400437
    y: 104.0
    z: -1069.5917115877085
    yaw: -82.44745
    pitch: 27.149954
afk: false
