lastAccountName: basic_balion
timestamps:
  login: 1590308976124
  logout: 1590293745465
  lastteleport: 1590127823831
ipAddress: 36.232.5.70
lastlocation:
  world: world
  x: 792.3464727967565
  y: 36.0
  z: -1750.182092136108
  yaw: 182.71596
  pitch: -9.150598
logoutlocation:
  world: world
  x: 782.5743765547113
  y: 70.0
  z: -1748.762499988079
  yaw: -90.84619
  pitch: 43.349575
homes:
  home:
    world: world
    x: -226.76469087400437
    y: 104.0
    z: -1069.5917115877085
    yaw: -82.44745
    pitch: 27.149954
afk: false
