lastAccountName: basic_balion
timestamps:
  login: 1587900566841
  logout: 1587900555586
  lastteleport: 1587915126366
ipAddress: 36.232.8.157
lastlocation:
  world: world
  x: 1555.699999988079
  y: 62.0
  z: -1210.33742890661
  yaw: 237.89047
  pitch: 33.449997
logoutlocation:
  world: world
  x: -328.69999998807907
  y: 80.0
  z: -1056.4938318695874
  yaw: -348.1797
  pitch: 11.39967
homes:
  home:
    world: world
    x: -226.76469087400437
    y: 104.0
    z: -1069.5917115877085
    yaw: -82.44745
    pitch: 27.149954
afk: false
