lastAccountName: basic_balion
timestamps:
  login: 1587097786258
  logout: 1587097725863
  lastteleport: 1587054557498
ipAddress: 36.235.254.23
lastlocation:
  world: world
  x: -219.88661614441088
  y: 12.0
  z: -1080.3065022873075
  yaw: 39.510284
  pitch: 16.34932
logoutlocation:
  world: world
  x: -214.86283663595327
  y: 136.0
  z: -1066.9851223140704
  yaw: -252.6128
  pitch: 54.89979
homes:
  home:
    world: world
    x: -226.76469087400437
    y: 104.0
    z: -1069.5917115877085
    yaw: -82.44745
    pitch: 27.149954
afk: false
