lastAccountName: basic_balion
timestamps:
  login: 1588658767434
  logout: 1588656914919
  lastteleport: 1588656885844
ipAddress: 36.232.15.158
lastlocation:
  world: world
  x: -233.59559024767069
  y: 14.626115524051906
  z: -1060.1688418922604
  yaw: -34.60498
  pitch: 12.599752
logoutlocation:
  world: world
  x: -243.33078802781384
  y: 121.25724004868586
  z: -1065.699999988079
  yaw: -101.79299
  pitch: 70.95033
homes:
  home:
    world: world
    x: -226.76469087400437
    y: 104.0
    z: -1069.5917115877085
    yaw: -82.44745
    pitch: 27.149954
afk: false
