lastAccountName: basic_balion
timestamps:
  login: 1588723545576
  logout: 1588695309232
  lastteleport: 1588656885844
ipAddress: 36.232.15.158
lastlocation:
  world: world
  x: -233.59559024767069
  y: 14.626115524051906
  z: -1060.1688418922604
  yaw: -34.60498
  pitch: 12.599752
logoutlocation:
  world: world
  x: -239.08287467137674
  y: 150.49633037374178
  z: -1076.3726747161595
  yaw: -68.48996
  pitch: 80.399864
homes:
  home:
    world: world
    x: -226.76469087400437
    y: 104.0
    z: -1069.5917115877085
    yaw: -82.44745
    pitch: 27.149954
afk: false
