lastAccountName: basic_balion
timestamps:
  login: 1588905854604
  logout: 1588864734832
  lastteleport: 1588911617477
ipAddress: 36.232.2.144
lastlocation:
  world: world
  x: -160.30369876247738
  y: 13.0
  z: -1118.3295709411796
  yaw: 275.05566
  pitch: 38.999775
logoutlocation:
  world: world
  x: -226.16937811474085
  y: 104.875
  z: -1075.5302270061472
  yaw: -247.83008
  pitch: 5.700308
homes:
  home:
    world: world
    x: -226.76469087400437
    y: 104.0
    z: -1069.5917115877085
    yaw: -82.44745
    pitch: 27.149954
afk: false
