lastAccountName: basic_balion
timestamps:
  login: 1591294784700
  logout: 1591286598046
  lastteleport: 1591298664487
ipAddress: 36.232.9.167
lastlocation:
  world: world
  x: -322.1126327485845
  y: 80.0
  z: -1056.0648367938054
  yaw: -222.28455
  pitch: 18.149837
logoutlocation:
  world: world
  x: 793.299999974668
  y: 25.0000002
  z: -1749.700000025332
  yaw: -32.570312
  pitch: 0.0
homes:
  home:
    world: world
    x: -226.76469087400437
    y: 104.0
    z: -1069.5917115877085
    yaw: -82.44745
    pitch: 27.149954
afk: false
