lastAccountName: basic_balion
timestamps:
  login: 1589119967025
  logout: 1589122499588
  lastteleport: 1589122335438
ipAddress: 36.232.2.144
lastlocation:
  world: world
  x: -293.32153769072204
  y: 76.0
  z: -967.3000000119209
  yaw: -182.60867
  pitch: 10.049859
logoutlocation:
  world: world
  x: -175.40900493647968
  y: 79.0
  z: -1068.7343990457648
  yaw: 112.13425
  pitch: 25.200203
homes:
  home:
    world: world
    x: -226.76469087400437
    y: 104.0
    z: -1069.5917115877085
    yaw: -82.44745
    pitch: 27.149954
afk: false
