lastAccountName: basic_balion
timestamps:
  login: 1589510168577
  logout: 1589473257323
  lastteleport: 1589517632729
ipAddress: 36.232.4.62
lastlocation:
  world: world
  x: -210.84198830281184
  y: 42.0559597548356
  z: 207.64813745244666
  yaw: 17.489002
  pitch: 18.599358
logoutlocation:
  world: world
  x: -99.1709850233504
  y: 13.0
  z: -1119.496770625056
  yaw: -83.22815
  pitch: 33.599648
homes:
  home:
    world: world
    x: -226.76469087400437
    y: 104.0
    z: -1069.5917115877085
    yaw: -82.44745
    pitch: 27.149954
afk: false
