lastAccountName: basic_balion
timestamps:
  login: 1590072519185
  logout: 1590041430420
  lastteleport: 1590074419559
ipAddress: 114.26.129.24
lastlocation:
  world: world
  x: -221.5
  y: 111.0
  z: -1086.5
  yaw: -27.449522
  pitch: 6.449988
logoutlocation:
  world: world
  x: 760.6122824525537
  y: 58.343572085688216
  z: -1745.300000011921
  yaw: -1.7236954
  pitch: -34.6503
homes:
  home:
    world: world
    x: -226.76469087400437
    y: 104.0
    z: -1069.5917115877085
    yaw: -82.44745
    pitch: 27.149954
afk: false
