lastAccountName: basic_balion
timestamps:
  login: 1587482043411
  logout: 1587482012323
  lastteleport: 1587308624936
ipAddress: 36.232.2.107
lastlocation:
  world: world
  x: -229.00419610031156
  y: 12.0
  z: -1068.0214074010873
  yaw: -74.0896
  pitch: 22.199667
logoutlocation:
  world: world
  x: -209.2598240077603
  y: 79.0
  z: -1066.2146402493213
  yaw: -144.32593
  pitch: 0.7495767
homes:
  home:
    world: world
    x: -226.76469087400437
    y: 104.0
    z: -1069.5917115877085
    yaw: -82.44745
    pitch: 27.149954
afk: false
