lastAccountName: basic_balion
timestamps:
  login: 1587961985726
  logout: 1587961280145
  lastteleport: 1587915126366
ipAddress: 36.232.6.88
lastlocation:
  world: world
  x: -314.6621257566153
  y: 76.0
  z: -1053.3479848735133
  yaw: -122.46698
  pitch: 12.900161
logoutlocation:
  world: world
  x: -183.07761903794258
  y: 89.86787168964784
  z: -1060.807957056841
  yaw: 194.64513
  pitch: 21.749628
homes:
  home:
    world: world
    x: -226.76469087400437
    y: 104.0
    z: -1069.5917115877085
    yaw: -82.44745
    pitch: 27.149954
afk: false
