lastAccountName: basic_balion
timestamps:
  login: 1588152379964
  logout: 1588165426797
  lastteleport: 1588163930661
ipAddress: 36.232.6.88
lastlocation:
  world: world
  x: 125.36339406493568
  y: 30.0
  z: -1015.3169484946321
  yaw: -249.4301
  pitch: 20.24979
logoutlocation:
  world: world
  x: -174.34687553685654
  y: 66.0
  z: -1138.699999988079
  yaw: -39.364807
  pitch: 33.899773
homes:
  home:
    world: world
    x: -226.76469087400437
    y: 104.0
    z: -1069.5917115877085
    yaw: -82.44745
    pitch: 27.149954
afk: false
