lastAccountName: basic_balion
timestamps:
  login: 1586534511140
  logout: 1586499825220
  lastteleport: 1586532096136
ipAddress: 36.232.7.58
lastlocation:
  world: world
  x: -60.42041135795532
  y: 17.0
  z: -1135.9189906054241
  yaw: 11.74472
  pitch: 28.349852
logoutlocation:
  world: world
  x: -230.58540177198134
  y: 93.0
  z: -1066.3170894010757
  yaw: 243.1222
  pitch: 28.499413
homes:
  home:
    world: world
    x: -226.76469087400437
    y: 104.0
    z: -1069.5917115877085
    yaw: -82.44745
    pitch: 27.149954
afk: false
