lastAccountName: basic_balion
timestamps:
  login: 1588832826983
  logout: 1588829378536
  lastteleport: 1588727702454
ipAddress: 36.232.15.158
lastlocation:
  world: world
  x: -89.4896294673048
  y: 24.0
  z: -1113.7610949229177
  yaw: 22.694336
  pitch: 22.200336
logoutlocation:
  world: world
  x: -220.63267514593136
  y: 104.0
  z: -1087.316849904734
  yaw: -260.1195
  pitch: 17.850088
homes:
  home:
    world: world
    x: -226.76469087400437
    y: 104.0
    z: -1069.5917115877085
    yaw: -82.44745
    pitch: 27.149954
afk: false
