lastAccountName: basic_balion
timestamps:
  login: 1586407410211
  logout: 1586407350323
ipAddress: 36.232.10.211
lastlocation:
  world: world
  x: 212.0
  y: 65.0
  z: 271.0
  yaw: 0.0
  pitch: 0.0
logoutlocation:
  world: world
  x: -201.14409492365357
  y: 20.0
  z: -1059.0125060394862
  yaw: 53.551796
  pitch: 47.399677
