lastAccountName: basic_balion
timestamps:
  login: 1590308976124
  logout: 1590324039370
  lastteleport: 1590317596253
ipAddress: 36.232.5.70
lastlocation:
  world: world
  x: 784.7677931401807
  y: 68.0
  z: -1746.300000011921
  yaw: -209.19043
  pitch: 44.249878
logoutlocation:
  world: world
  x: -248.97972672540322
  y: 94.42783193921564
  z: -992.9196529398855
  yaw: 192.9401
  pitch: -0.15020454
homes:
  home:
    world: world
    x: -226.76469087400437
    y: 104.0
    z: -1069.5917115877085
    yaw: -82.44745
    pitch: 27.149954
afk: false
