lastAccountName: basic_balion
timestamps:
  login: 1587738672119
  logout: 1587743706368
  lastteleport: 1587743380391
ipAddress: 36.232.8.157
lastlocation:
  world: world
  x: -382.6417674860116
  y: 89.11223372878486
  z: -1334.1068330245862
  yaw: -252.47021
  pitch: 37.499737
logoutlocation:
  world: world
  x: -151.57418673092644
  y: 86.91927844172017
  z: -1220.1047294764146
  yaw: 262.2374
  pitch: 14.249866
homes:
  home:
    world: world
    x: -226.76469087400437
    y: 104.0
    z: -1069.5917115877085
    yaw: -82.44745
    pitch: 27.149954
afk: false
