lastAccountName: basic_balion
timestamps:
  login: 1587997538243
  logout: 1587966037729
  lastteleport: 1587998111617
ipAddress: 36.232.6.88
lastlocation:
  world: world
  x: -321.0255311612153
  y: 81.0
  z: -1058.080425526281
  yaw: 82.416504
  pitch: 46.05052
logoutlocation:
  world: world
  x: -328.3891531881419
  y: 81.0
  z: -1058.37602054961
  yaw: -57.542297
  pitch: 21.899601
homes:
  home:
    world: world
    x: -226.76469087400437
    y: 104.0
    z: -1069.5917115877085
    yaw: -82.44745
    pitch: 27.149954
afk: false
