lastAccountName: basic_balion
timestamps:
  login: 1589356883922
  logout: 1589366295182
  lastteleport: 1589364499719
ipAddress: 36.232.2.144
lastlocation:
  world: world
  x: 791.6211871074809
  y: 40.0
  z: -1743.3543975659725
  yaw: -11.680006
  pitch: 11.999763
logoutlocation:
  world: world
  x: 803.3006869733333
  y: 60.666633672378595
  z: -1712.1840074188112
  yaw: 93.875244
  pitch: -11.250677
homes:
  home:
    world: world
    x: -226.76469087400437
    y: 104.0
    z: -1069.5917115877085
    yaw: -82.44745
    pitch: 27.149954
afk: false
