lastAccountName: basic_balion
timestamps:
  login: 1587692034302
  logout: 1587660967035
  lastteleport: 1587706887349
ipAddress: 36.232.8.157
lastlocation:
  world: world
  x: -224.09946170785935
  y: 12.0
  z: -1045.6833124239859
  yaw: -183.66858
  pitch: 3.7500339
logoutlocation:
  world: world
  x: -169.3135114486423
  y: 84.875
  z: -1231.0394358176138
  yaw: -31.25647
  pitch: 54.599415
homes:
  home:
    world: world
    x: -226.76469087400437
    y: 104.0
    z: -1069.5917115877085
    yaw: -82.44745
    pitch: 27.149954
afk: false
