lastAccountName: basic_balion
timestamps:
  login: 1586649991616
  logout: 1586617057150
  lastteleport: 1586651617213
ipAddress: 36.232.7.58
lastlocation:
  world: world
  x: -301.81110420845044
  y: 78.0
  z: -1039.300000011921
  yaw: -75.71057
  pitch: 29.09962
logoutlocation:
  world: world
  x: -216.2262213946138
  y: 15.0
  z: -1065.878972374334
  yaw: -285.587
  pitch: 11.250017
homes:
  home:
    world: world
    x: -226.76469087400437
    y: 104.0
    z: -1069.5917115877085
    yaw: -82.44745
    pitch: 27.149954
afk: false
