lastAccountName: basic_balion
timestamps:
  login: 1591683408662
  logout: 1591585738929
  lastteleport: 1591687144665
ipAddress: 36.232.3.75
lastlocation:
  world: world_the_end
  x: 24.884582898484126
  y: 1.0625
  z: -243.40309610701397
  yaw: 131.38863
  pitch: 30.600044
logoutlocation:
  world: world
  x: 784.0237127159703
  y: 21.38143757331032
  z: -1750.237500011921
  yaw: -24.740997
  pitch: 34.94996
homes:
  home:
    world: world
    x: -226.76469087400437
    y: 104.0
    z: -1069.5917115877085
    yaw: -82.44745
    pitch: 27.149954
afk: false
