lastAccountName: basic_balion
timestamps:
  login: 1591683408662
  logout: 1591690116080
  lastteleport: 1591687144665
ipAddress: 36.232.3.75
lastlocation:
  world: world_the_end
  x: 24.884582898484126
  y: 1.0625
  z: -243.40309610701397
  yaw: 131.38863
  pitch: 30.600044
logoutlocation:
  world: world
  x: 790.3430959871081
  y: 66.5
  z: -1737.0947473450576
  yaw: 115.867676
  pitch: -12.600391
homes:
  home:
    world: world
    x: -226.76469087400437
    y: 104.0
    z: -1069.5917115877085
    yaw: -82.44745
    pitch: 27.149954
afk: false
