lastAccountName: basic_balion
timestamps:
  login: 1586946385118
  logout: 1586946347129
  lastteleport: 1586956711736
ipAddress: 36.235.254.23
lastlocation:
  world: world
  x: -1152.541607373583
  y: 63.0
  z: -1784.6107656332738
  yaw: -313.62534
  pitch: 35.69948
logoutlocation:
  world: world
  x: -299.3328253780876
  y: 117.99816214147826
  z: -977.3569401910378
  yaw: -33.905884
  pitch: 14.850996
homes:
  home:
    world: world
    x: -226.76469087400437
    y: 104.0
    z: -1069.5917115877085
    yaw: -82.44745
    pitch: 27.149954
afk: true
