lastAccountName: basic_balion
timestamps:
  login: 1589380334390
  logout: 1589384089782
  lastteleport: 1589364499719
ipAddress: 36.232.2.144
lastlocation:
  world: world
  x: 752.7128306038195
  y: 41.0
  z: -1752.8119456874083
  yaw: 175.64597
  pitch: 73.049774
logoutlocation:
  world: world
  x: 781.8095222228403
  y: 71.0
  z: -1750.1439699588998
  yaw: 315.1405
  pitch: 54.899746
homes:
  home:
    world: world
    x: -226.76469087400437
    y: 104.0
    z: -1069.5917115877085
    yaw: -82.44745
    pitch: 27.149954
afk: false
