lastAccountName: basic_balion
timestamps:
  login: 1587136742479
  logout: 1587136889160
  lastteleport: 1587054557498
ipAddress: 36.235.254.23
lastlocation:
  world: world
  x: -219.88661614441088
  y: 12.0
  z: -1080.3065022873075
  yaw: 39.510284
  pitch: 16.34932
logoutlocation:
  world: world
  x: -289.45245001914725
  y: 79.0
  z: -1034.4651905786122
  yaw: 255.03943
  pitch: -25.649965
homes:
  home:
    world: world
    x: -226.76469087400437
    y: 104.0
    z: -1069.5917115877085
    yaw: -82.44745
    pitch: 27.149954
afk: false
