lastAccountName: basic_balion
timestamps:
  login: 1586357185259
  logout: 1586367809343
ipAddress: 36.232.10.211
lastlocation:
  world: world
  x: 212.0
  y: 65.0
  z: 271.0
  yaw: 0.0
  pitch: 0.0
logoutlocation:
  world: world
  x: -228.08024448402188
  y: 104.0
  z: -1067.0771276155542
  yaw: -97.36713
  pitch: 21.748964
