lastAccountName: basic_balion
timestamps:
  login: 1589510168577
  logout: 1589473257323
  lastteleport: 1589513178729
ipAddress: 36.232.4.62
lastlocation:
  world: world
  x: 784.0156130467012
  y: 73.0
  z: -1752.3306686615424
  yaw: -219.30865
  pitch: 26.849972
logoutlocation:
  world: world
  x: -99.1709850233504
  y: 13.0
  z: -1119.496770625056
  yaw: -83.22815
  pitch: 33.599648
homes:
  home:
    world: world
    x: -226.76469087400437
    y: 104.0
    z: -1069.5917115877085
    yaw: -82.44745
    pitch: 27.149954
afk: true
