lastAccountName: basic_balion
timestamps:
  login: 1591281971536
  logout: 1591286598046
  lastteleport: 1591285017679
ipAddress: 36.232.9.167
lastlocation:
  world: world_the_end
  x: 22.58513596905087
  y: 2.0
  z: -246.91850714774918
  yaw: 243.33862
  pitch: 37.349472
logoutlocation:
  world: world
  x: 793.299999974668
  y: 25.0000002
  z: -1749.700000025332
  yaw: -32.570312
  pitch: 0.0
homes:
  home:
    world: world
    x: -226.76469087400437
    y: 104.0
    z: -1069.5917115877085
    yaw: -82.44745
    pitch: 27.149954
afk: false
