lastAccountName: basic_balion
timestamps:
  login: 1587070659433
  logout: 1587070876618
  lastteleport: 1587054557498
ipAddress: 36.235.254.23
lastlocation:
  world: world
  x: -219.88661614441088
  y: 12.0
  z: -1080.3065022873075
  yaw: 39.510284
  pitch: 16.34932
logoutlocation:
  world: world
  x: -218.70000002533197
  y: 111.0000002
  z: -1086.700000025332
  yaw: -94.60807
  pitch: -13.949997
homes:
  home:
    world: world
    x: -226.76469087400437
    y: 104.0
    z: -1069.5917115877085
    yaw: -82.44745
    pitch: 27.149954
afk: false
