lastAccountName: basic_balion
timestamps:
  login: 1587482043411
  logout: 1587488588091
  lastteleport: 1587483811294
ipAddress: 36.232.2.107
lastlocation:
  world: world
  x: 269.30000001192093
  y: 35.32083525715852
  z: -2505.300000011921
  yaw: 347.81677
  pitch: 13.199474
logoutlocation:
  world: world
  x: -219.16869040839907
  y: 78.0
  z: -1062.458843169568
  yaw: -0.515625
  pitch: 3.1495218
homes:
  home:
    world: world
    x: -226.76469087400437
    y: 104.0
    z: -1069.5917115877085
    yaw: -82.44745
    pitch: 27.149954
afk: false
