lastAccountName: basic_balion
timestamps:
  login: 1588152379964
  logout: 1588087149295
  lastteleport: 1588163930661
ipAddress: 36.232.6.88
lastlocation:
  world: world
  x: 125.36339406493568
  y: 30.0
  z: -1015.3169484946321
  yaw: -249.4301
  pitch: 20.24979
logoutlocation:
  world: world
  x: -175.684441460519
  y: 76.0
  z: -1230.9816393192982
  yaw: -1.6790466
  pitch: 77.699875
homes:
  home:
    world: world
    x: -226.76469087400437
    y: 104.0
    z: -1069.5917115877085
    yaw: -82.44745
    pitch: 27.149954
afk: false
