lastAccountName: basic_balion
timestamps:
  login: 1586995254921
  logout: 1587000876924
  lastteleport: 1586999585079
ipAddress: 36.235.254.23
lastlocation:
  world: world
  x: -537.2039787088183
  y: 12.0
  z: -1069.300000011921
  yaw: -239.63264
  pitch: 24.449305
logoutlocation:
  world: world
  x: -286.96669631706897
  y: 76.0
  z: -965.559593277477
  yaw: -118.44208
  pitch: 7.200656
homes:
  home:
    world: world
    x: -226.76469087400437
    y: 104.0
    z: -1069.5917115877085
    yaw: -82.44745
    pitch: 27.149954
afk: false
