lastAccountName: basic_balion
timestamps:
  login: 1587738672119
  logout: 1587717079566
  lastteleport: 1587741426458
ipAddress: 36.232.8.157
lastlocation:
  world: world
  x: -222.47049038562392
  y: 12.0
  z: -1075.815151181748
  yaw: -359.70917
  pitch: -1.0494055
logoutlocation:
  world: world
  x: -221.1171453874986
  y: 104.0
  z: -1081.824999988079
  yaw: -247.74384
  pitch: 22.799885
homes:
  home:
    world: world
    x: -226.76469087400437
    y: 104.0
    z: -1069.5917115877085
    yaw: -82.44745
    pitch: 27.149954
afk: false
