lastAccountName: basic_balion
timestamps:
  login: 1588002793834
  logout: 1588007893945
  lastteleport: 1588006972241
ipAddress: 36.232.6.88
lastlocation:
  world: world_the_end
  x: 5194.839300326851
  y: 83.5
  z: -2826.644969121255
  yaw: 203.93066
  pitch: 51.000286
logoutlocation:
  world: world
  x: -263.22774047424537
  y: 83.65760082724947
  z: -971.9604772071918
  yaw: -137.6394
  pitch: 4.1997175
homes:
  home:
    world: world
    x: -226.76469087400437
    y: 104.0
    z: -1069.5917115877085
    yaw: -82.44745
    pitch: 27.149954
afk: false
