lastAccountName: basic_balion
timestamps:
  login: 1591583712007
  logout: 1591585738929
  lastteleport: 1591464709515
ipAddress: 36.232.3.75
lastlocation:
  world: world
  x: 779.3875647474948
  y: 36.205481562107856
  z: -1745.8648499590713
  yaw: -64.35139
  pitch: 63.299805
logoutlocation:
  world: world
  x: 784.0237127159703
  y: 21.38143757331032
  z: -1750.237500011921
  yaw: -24.740997
  pitch: 34.94996
homes:
  home:
    world: world
    x: -226.76469087400437
    y: 104.0
    z: -1069.5917115877085
    yaw: -82.44745
    pitch: 27.149954
afk: false
