lastAccountName: basic_balion
timestamps:
  login: 1588658767434
  logout: 1588665890366
  lastteleport: 1588656885844
ipAddress: 36.232.15.158
lastlocation:
  world: world
  x: -233.59559024767069
  y: 14.626115524051906
  z: -1060.1688418922604
  yaw: -34.60498
  pitch: 12.599752
logoutlocation:
  world: world
  x: -222.39592826948785
  y: 78.0
  z: -1072.762499988079
  yaw: -185.61188
  pitch: 17.40009
homes:
  home:
    world: world
    x: -226.76469087400437
    y: 104.0
    z: -1069.5917115877085
    yaw: -82.44745
    pitch: 27.149954
afk: false
