lastAccountName: basic_balion
timestamps:
  login: 1591294784700
  logout: 1591286598046
  lastteleport: 1591299787688
ipAddress: 36.232.9.167
lastlocation:
  world: world
  x: 794.9043619455484
  y: 25.0
  z: -1750.7231244894301
  yaw: -34.368355
  pitch: -16.200274
logoutlocation:
  world: world
  x: 793.299999974668
  y: 25.0000002
  z: -1749.700000025332
  yaw: -32.570312
  pitch: 0.0
homes:
  home:
    world: world
    x: -226.76469087400437
    y: 104.0
    z: -1069.5917115877085
    yaw: -82.44745
    pitch: 27.149954
afk: true
