lastAccountName: basic_balion
timestamps:
  login: 1588905854604
  logout: 1588914880504
  lastteleport: 1588911617477
ipAddress: 36.232.2.144
lastlocation:
  world: world
  x: -160.30369876247738
  y: 13.0
  z: -1118.3295709411796
  yaw: 275.05566
  pitch: 38.999775
logoutlocation:
  world: world
  x: -235.30000001192093
  y: 117.38054448481127
  z: -1059.6262092402576
  yaw: -115.02179
  pitch: 35.249996
homes:
  home:
    world: world
    x: -226.76469087400437
    y: 104.0
    z: -1069.5917115877085
    yaw: -82.44745
    pitch: 27.149954
afk: false
