lastAccountName: basic_balion
timestamps:
  login: 1589963469076
  logout: 1589701564953
  lastteleport: 1589701157773
ipAddress: 114.26.129.24
lastlocation:
  world: world
  x: -221.5
  y: 111.0
  z: -1086.5
  yaw: 87.00047
  pitch: 33.449944
logoutlocation:
  world: world
  x: 781.2603227784405
  y: 87.13608483181817
  z: -1737.7592304562788
  yaw: 324.57495
  pitch: 35.100708
homes:
  home:
    world: world
    x: -226.76469087400437
    y: 104.0
    z: -1069.5917115877085
    yaw: -82.44745
    pitch: 27.149954
afk: true
