lastAccountName: basic_balion
timestamps:
  login: 1590649684770
  logout: 1590649647809
  lastteleport: 1590658709787
ipAddress: 114.26.122.234
lastlocation:
  world: world
  x: 784.3000000119209
  y: 11.0
  z: -1779.2841603269364
  yaw: 341.6175
  pitch: 12.299707
logoutlocation:
  world: world
  x: -99.568373142565
  y: 13.0
  z: -1120.699999988079
  yaw: -166.75255
  pitch: -9.750135
homes:
  home:
    world: world
    x: -226.76469087400437
    y: 104.0
    z: -1069.5917115877085
    yaw: -82.44745
    pitch: 27.149954
afk: false
