lastAccountName: basic_balion
timestamps:
  login: 1591326157867
  logout: 1591326120213
  lastteleport: 1591328256687
ipAddress: 114.26.121.151
lastlocation:
  world: world
  x: -174.19913164979982
  y: 90.0625
  z: -1214.1892898540461
  yaw: 220.481
  pitch: 44.849842
logoutlocation:
  world: world
  x: -296.30000001192093
  y: 79.0
  z: -1033.300000011921
  yaw: 287.11307
  pitch: 87.15015
homes:
  home:
    world: world
    x: -226.76469087400437
    y: 104.0
    z: -1069.5917115877085
    yaw: -82.44745
    pitch: 27.149954
afk: false
