lastAccountName: basic_balion
timestamps:
  login: 1587348210234
  logout: 1587308824907
  lastteleport: 1587308624936
ipAddress: 36.235.254.23
lastlocation:
  world: world
  x: -229.00419610031156
  y: 12.0
  z: -1068.0214074010873
  yaw: -74.0896
  pitch: 22.199667
logoutlocation:
  world: world
  x: -223.8635918243179
  y: 104.0
  z: -1081.159751901476
  yaw: -309.83832
  pitch: -18.450438
homes:
  home:
    world: world
    x: -226.76469087400437
    y: 104.0
    z: -1069.5917115877085
    yaw: -82.44745
    pitch: 27.149954
afk: false
