lastAccountName: basic_balion
timestamps:
  login: 1587305889817
  logout: 1587297110365
  lastteleport: 1587306635276
ipAddress: 36.235.254.23
lastlocation:
  world: world
  x: -96.79428367058979
  y: 13.0
  z: -1119.8796852539422
  yaw: -95.94333
  pitch: 16.350126
logoutlocation:
  world: world
  x: -277.33253923670446
  y: 104.96558571898926
  z: -992.8200728891288
  yaw: 32.901127
  pitch: -5.100424
homes:
  home:
    world: world
    x: -226.76469087400437
    y: 104.0
    z: -1069.5917115877085
    yaw: -82.44745
    pitch: 27.149954
afk: false
