lastAccountName: FredYea
timestamps:
  login: 1587647508456
  logout: 1587394242949
  lastteleport: 1587302508476
ipAddress: 124.6.23.53
lastlocation:
  world: world
  x: 309.69999998807907
  y: 9.0
  z: 1879.989699795799
  yaw: -180.43066
  pitch: 13.799497
logoutlocation:
  world: world
  x: 252.49185498031153
  y: 63.0
  z: 1465.297608803299
  yaw: -177.38168
  pitch: 7.34998
afk: false
