lastAccountName: FredYea
timestamps:
  login: 1588491267044
  logout: 1588441444808
  lastteleport: 1588493343491
ipAddress: 124.6.23.53
lastlocation:
  world: world
  x: 261.02237314528173
  y: 63.0
  z: 1471.1660869448597
  yaw: 70.27111
  pitch: 3.4500337
logoutlocation:
  world: world
  x: 259.827690437481
  y: 63.0
  z: 1469.4352457293205
  yaw: 344.92087
  pitch: 17.400045
afk: false
homes:
  home:
    world: world
    x: 260.5
    y: 63.6875
    z: 1473.5
    yaw: 57.37132
    pitch: 0.0
