lastAccountName: FredYea
timestamps:
  login: 1589369765679
  logout: 1589371751385
  lastteleport: 1589371274318
ipAddress: 124.6.23.53
lastlocation:
  world: world
  x: 210.59835639077565
  y: 5.0
  z: 1607.3332876043498
  yaw: 246.28474
  pitch: 7.7998805
logoutlocation:
  world: world
  x: 259.4973325985189
  y: 63.0
  z: 1476.6571473524923
  yaw: -328.5792
  pitch: 24.449993
afk: false
homes:
  home:
    world: world
    x: 260.5
    y: 63.6875
    z: 1473.5
    yaw: 57.37132
    pitch: 0.0
