lastAccountName: FredYea
timestamps:
  login: 1587108115060
  logout: 1587114171078
ipAddress: 124.6.23.53
lastlocation:
  world: world
  x: 212.0
  y: 65.0
  z: 271.0
  yaw: 0.0
  pitch: 0.0
logoutlocation:
  world: world
  x: 258.2445819037507
  y: 63.0
  z: 1465.4237170198237
  yaw: -87.95184
  pitch: 12.900002
afk: false
