lastAccountName: FredYea
timestamps:
  login: 1586864291437
  logout: 1586866458029
ipAddress: 124.6.23.53
lastlocation:
  world: world
  x: 212.0
  y: 65.0
  z: 271.0
  yaw: 0.0
  pitch: 0.0
logoutlocation:
  world: world
  x: 253.22558779943563
  y: 63.0
  z: 1468.680095710389
  yaw: -168.91138
  pitch: 13.499496
afk: false
