lastAccountName: FredYea
timestamps:
  login: 1588491267044
  logout: 1588500376557
  lastteleport: 1588497865591
ipAddress: 124.6.23.53
lastlocation:
  world: world
  x: 261.76249998807907
  y: 63.0
  z: 1470.639552097735
  yaw: 39.15002
  pitch: 15.599994
logoutlocation:
  world: world
  x: 261.76249998807907
  y: 63.0
  z: 1473.699999988079
  yaw: -229.1449
  pitch: 16.800043
afk: false
homes:
  home:
    world: world
    x: 260.5
    y: 63.6875
    z: 1473.5
    yaw: 57.37132
    pitch: 0.0
