lastAccountName: FredYea
timestamps:
  login: 1587287086675
  logout: 1587304007507
  lastteleport: 1587302508476
ipAddress: 124.6.23.53
lastlocation:
  world: world
  x: 309.69999998807907
  y: 9.0
  z: 1879.989699795799
  yaw: -180.43066
  pitch: 13.799497
logoutlocation:
  world: world
  x: 259.4897172321257
  y: 63.0
  z: 1467.5923930880103
  yaw: -172.26152
  pitch: 25.65004
afk: false
