lastAccountName: FredYea
timestamps:
  login: 1586344930522
  logout: 1586264327726
ipAddress: 124.6.23.53
lastlocation:
  world: world
  x: 212.0
  y: 65.0
  z: 271.0
  yaw: 0.0
  pitch: 0.0
logoutlocation:
  world: world
  x: 256.2865796393959
  y: 63.0
  z: 1464.6783305630624
  yaw: -271.57422
  pitch: 22.800686
