lastAccountName: FredYea
timestamps:
  login: 1586677470312
  logout: 1586598609651
ipAddress: 124.6.23.53
lastlocation:
  world: world
  x: 212.0
  y: 65.0
  z: 271.0
  yaw: 0.0
  pitch: 0.0
logoutlocation:
  world: world
  x: 253.3270020039676
  y: 63.0
  z: 1465.2304346818157
  yaw: -92.98312
  pitch: 7.0500607
