lastAccountName: FredYea
timestamps:
  login: 1588919730788
  logout: 1588927910392
  lastteleport: 1588926937627
ipAddress: 124.6.23.53
lastlocation:
  world: world
  x: 308.5472971557315
  y: 9.0
  z: 2496.9662728371522
  yaw: -177.52698
  pitch: 5.9999137
logoutlocation:
  world: world
  x: 258.8728536651342
  y: 63.0
  z: 1470.1810713353623
  yaw: 307.70068
  pitch: 20.099972
afk: false
homes:
  home:
    world: world
    x: 260.5
    y: 63.6875
    z: 1473.5
    yaw: 57.37132
    pitch: 0.0
