lastAccountName: FredYea
timestamps:
  login: 1587287086675
  logout: 1587283130262
  lastteleport: 1587302508476
ipAddress: 124.6.23.53
lastlocation:
  world: world
  x: 309.69999998807907
  y: 9.0
  z: 1879.989699795799
  yaw: -180.43066
  pitch: 13.799497
logoutlocation:
  world: world
  x: 254.98277893819227
  y: 63.0
  z: 1466.4495773012832
  yaw: 297.43106
  pitch: 14.399714
afk: false
