lastAccountName: FredYea
timestamps:
  login: 1587283134026
  logout: 1587283130262
ipAddress: 124.6.23.53
lastlocation:
  world: world
  x: 253.01137587195672
  y: 67.0
  z: 1472.5705324029484
  yaw: 138.68433
  pitch: 30.600626
logoutlocation:
  world: world
  x: 254.98277893819227
  y: 63.0
  z: 1466.4495773012832
  yaw: 297.43106
  pitch: 14.399714
afk: false
