lastAccountName: FredYea
timestamps:
  login: 1587229314591
  logout: 1587237961959
ipAddress: 124.6.23.53
lastlocation:
  world: world
  x: 253.01137587195672
  y: 67.0
  z: 1472.5705324029484
  yaw: 138.68433
  pitch: 30.600626
logoutlocation:
  world: world
  x: 254.98277893819227
  y: 63.0
  z: 1466.4495773012832
  yaw: 301.78098
  pitch: 13.649717
afk: false
