lastAccountName: FredYea
timestamps:
  login: 1586778802881
  logout: 1586683761304
ipAddress: 124.6.23.53
lastlocation:
  world: world
  x: 212.0
  y: 65.0
  z: 271.0
  yaw: 0.0
  pitch: 0.0
logoutlocation:
  world: world
  x: 257.1465213770466
  y: 63.0
  z: 1467.538911881193
  yaw: -206.38684
  pitch: 21.300507
