lastAccountName: FredYea
timestamps:
  login: 1586431330169
  logout: 1586436004288
ipAddress: 124.6.23.53
lastlocation:
  world: world
  x: 212.0
  y: 65.0
  z: 271.0
  yaw: 0.0
  pitch: 0.0
logoutlocation:
  world: world
  x: 257.5893755462689
  y: 63.0
  z: 1471.3638899346815
  yaw: -197.07051
  pitch: 3.8999987
