lastAccountName: FredYea
timestamps:
  login: 1586257732836
  logout: 1586257726028
ipAddress: 124.6.23.53
lastlocation:
  world: world
  x: 212.0
  y: 65.0
  z: 271.0
  yaw: 0.0
  pitch: 0.0
logoutlocation:
  world: world
  x: 219.25787405260442
  y: 69.0
  z: 265.96355349736507
  yaw: 186.3868
  pitch: 15.300008
