lastAccountName: FredYea
timestamps:
  login: 1590769724094
  logout: 1590769732754
  lastteleport: 1589371274318
ipAddress: 49.158.130.65
lastlocation:
  world: world
  x: 210.59835639077565
  y: 5.0
  z: 1607.3332876043498
  yaw: 246.28474
  pitch: 7.7998805
logoutlocation:
  world: world
  x: 251.8887088703433
  y: 63.0
  z: 1468.3475901975826
  yaw: -82.599754
  pitch: 5.400038
afk: false
homes:
  home:
    world: world
    x: 260.5
    y: 63.6875
    z: 1473.5
    yaw: 57.37132
    pitch: 0.0
