lastAccountName: FredYea
timestamps:
  login: 1589007389202
  logout: 1588955693248
  lastteleport: 1589013296064
ipAddress: 124.6.23.53
lastlocation:
  world: world
  x: 235.19103103969294
  y: 5.0
  z: 1606.6897701622709
  yaw: -279.90656
  pitch: 4.1998954
logoutlocation:
  world: world
  x: 258.7449013651954
  y: 63.0
  z: 1468.2770872153992
  yaw: 129.16013
  pitch: 7.050093
afk: false
homes:
  home:
    world: world
    x: 260.5
    y: 63.6875
    z: 1473.5
    yaw: 57.37132
    pitch: 0.0
