lastAccountName: FredYea
timestamps:
  login: 1587647508456
  logout: 1587649449556
  lastteleport: 1587302508476
ipAddress: 124.6.23.53
lastlocation:
  world: world
  x: 309.69999998807907
  y: 9.0
  z: 1879.989699795799
  yaw: -180.43066
  pitch: 13.799497
logoutlocation:
  world: world
  x: 261.299999974668
  y: 63.0000002
  z: 1472.299999974668
  yaw: 340.57178
  pitch: 0.0
afk: false
