lastAccountName: FredYea
timestamps:
  login: 1591101220174
  logout: 1591101359851
  lastteleport: 1589371274318
ipAddress: 49.158.130.65
lastlocation:
  world: world
  x: 210.59835639077565
  y: 5.0
  z: 1607.3332876043498
  yaw: 246.28474
  pitch: 7.7998805
logoutlocation:
  world: world
  x: 260.21192376787366
  y: 63.0
  z: 1472.6714587941165
  yaw: -356.7992
  pitch: 15.300003
afk: false
homes:
  home:
    world: world
    x: 260.5
    y: 63.6875
    z: 1473.5
    yaw: 57.37132
    pitch: 0.0
