lastAccountName: FredYea
timestamps:
  login: 1586864291437
  logout: 1586784019233
ipAddress: 124.6.23.53
lastlocation:
  world: world
  x: 212.0
  y: 65.0
  z: 271.0
  yaw: 0.0
  pitch: 0.0
logoutlocation:
  world: world
  x: 249.38965850833335
  y: 63.0
  z: 1465.5120507261843
  yaw: -4.2055664
  pitch: 11.700635
afk: false
