lastAccountName: FredYea
timestamps:
  login: 1588437065816
  logout: 1588441444808
  lastteleport: 1588441349391
ipAddress: 124.6.23.53
lastlocation:
  world: world
  x: 308.92354539177893
  y: 9.0
  z: 2271.7216087005577
  yaw: -178.87067
  pitch: -2.8500774
logoutlocation:
  world: world
  x: 259.827690437481
  y: 63.0
  z: 1469.4352457293205
  yaw: 344.92087
  pitch: 17.400045
afk: false
homes:
  home:
    world: world
    x: 260.5
    y: 63.6875
    z: 1473.5
    yaw: 57.37132
    pitch: 0.0
