lastAccountName: FredYea
timestamps:
  login: 1588948292383
  logout: 1588955693248
  lastteleport: 1588926937627
ipAddress: 124.6.23.53
lastlocation:
  world: world
  x: 308.5472971557315
  y: 9.0
  z: 2496.9662728371522
  yaw: -177.52698
  pitch: 5.9999137
logoutlocation:
  world: world
  x: 258.7449013651954
  y: 63.0
  z: 1468.2770872153992
  yaw: 129.16013
  pitch: 7.050093
afk: false
homes:
  home:
    world: world
    x: 260.5
    y: 63.6875
    z: 1473.5
    yaw: 57.37132
    pitch: 0.0
