lastAccountName: FredYea
timestamps:
  login: 1587058312885
  logout: 1587060578745
ipAddress: 124.6.23.53
lastlocation:
  world: world
  x: 212.0
  y: 65.0
  z: 271.0
  yaw: 0.0
  pitch: 0.0
logoutlocation:
  world: world
  x: 255.7644777113148
  y: 63.0
  z: 1467.358585876632
  yaw: -143.58325
  pitch: 28.651054
afk: false
