lastAccountName: FredYea
timestamps:
  login: 1586344930522
  logout: 1586351664693
ipAddress: 124.6.23.53
lastlocation:
  world: world
  x: 212.0
  y: 65.0
  z: 271.0
  yaw: 0.0
  pitch: 0.0
logoutlocation:
  world: world
  x: 254.63345973795376
  y: 63.0
  z: 1463.9668143902834
  yaw: 181.25465
  pitch: 44.549984
