lastAccountName: PowerPU
timestamps:
  login: 1587130225833
  logout: 1586704524991
ipAddress: 114.26.58.214
logoutlocation:
  world: world
  x: 536.27223032204
  y: 64.0
  z: 817.7273357254811
  yaw: -109.81723
  pitch: 14.099969
