lastAccountName: PowerPU
timestamps:
  login: 1587130225833
  logout: 1587135169174
ipAddress: 114.26.58.214
logoutlocation:
  world: world
  x: 332.6516182584099
  y: 64.0
  z: 696.3420622061342
  yaw: 114.53027
  pitch: 12.899542
afk: false
