lastAccountName: PowerPU
timestamps:
  login: 1586283239511
  logout: 1586285543299
ipAddress: 114.26.73.120
logoutlocation:
  world: world
  x: 210.6176427182424
  y: 61.278540879960296
  z: 719.5746588287594
  yaw: -276.5692
  pitch: -0.9007663
