lastAccountName: PowerPU
timestamps:
  login: 1586250103140
  logout: 1586250635554
ipAddress: 120.110.70.9
logoutlocation:
  world: world
  x: 328.2942364211086
  y: 64.0
  z: 692.8255204172776
  yaw: -30.347595
  pitch: -19.3499
