lastAccountName: PowerPU
timestamps:
  login: 1587223990849
  logout: 1587232164390
ipAddress: 114.26.58.214
logoutlocation:
  world: world
  x: 331.9246252979097
  y: 64.0
  z: 693.1729397014986
  yaw: -315.81018
  pitch: 16.050236
afk: false
