lastAccountName: Selina
timestamps:
  login: 1586186599055
  logout: 1586188053814
ipAddress: 1.200.41.160
logoutlocation:
  world: world
  x: 370.3599414760213
  y: 64.0
  z: 783.7108315004928
  yaw: 173.44373
  pitch: 22.049881
lastlocation:
  world: world
  x: 369.69999998807907
  y: 62.0
  z: 793.6999999880791
  yaw: -263.99918
  pitch: 31.499928
