lastAccountName: Selina
timestamps:
  login: 1587908084808
  logout: 1587889462847
  lastteleport: 1587915454065
ipAddress: 180.217.249.110
logoutlocation:
  world: world
  x: 370.4755092672971
  y: 58.0
  z: 794.6683584137636
  yaw: 94.425964
  pitch: -40.650352
lastlocation:
  world: world
  x: 1951.6137838953246
  y: 28.0
  z: 3475.5285701185244
  yaw: 184.06665
  pitch: 41.700005
afk: false
