lastAccountName: Selina
timestamps:
  login: 1586668099061
  logout: 1586681800403
ipAddress: 180.217.119.158
logoutlocation:
  world: world
  x: 357.29191488214855
  y: 58.0
  z: 789.3000000119209
  yaw: -57.916576
  pitch: 27.89999
lastlocation:
  world: world_nether
  x: 146.30000001192093
  y: 95.0
  z: 553.6999999880791
  yaw: 261.2821
  pitch: 3.0001605
afk: false
