lastAccountName: Selina
timestamps:
  login: 1586964310010
  logout: 1586964221195
ipAddress: 180.217.241.70
logoutlocation:
  world: world
  x: 362.75118620239516
  y: 63.0
  z: 790.570845037059
  yaw: 6.4606934
  pitch: 54.29973
lastlocation:
  world: world_nether
  x: 146.30000001192093
  y: 95.0
  z: 553.6999999880791
  yaw: 261.2821
  pitch: 3.0001605
afk: false
