lastAccountName: Selina
timestamps:
  login: 1587824337851
  logout: 1587749101737
  lastteleport: 1587825723189
ipAddress: 110.50.182.235
logoutlocation:
  world: world
  x: 371.299999974668
  y: 64.0000002
  z: 786.299999974668
  yaw: 303.74133
  pitch: 0.0
lastlocation:
  world: world
  x: 1727.4531645887553
  y: 7.0
  z: 2523.5229049854215
  yaw: 1.2340088
  pitch: 12.900024
afk: false
