lastAccountName: Selina
timestamps:
  login: 1587734984320
  logout: 1587569406494
  lastteleport: 1587745090412
ipAddress: 1.200.60.6
logoutlocation:
  world: world
  x: 371.299999974668
  y: 64.0000002
  z: 786.299999974668
  yaw: 278.00952
  pitch: 0.0
lastlocation:
  world: world
  x: 368.04032586223883
  y: 64.0
  z: 786.5760777040622
  yaw: 143.70029
  pitch: 48.00012
afk: false
