lastAccountName: Selina
timestamps:
  login: 1588349340217
  logout: 1588349390232
  lastteleport: 1588263297767
ipAddress: 209.58.188.40
logoutlocation:
  world: world
  x: 371.299999974668
  y: 64.0000002
  z: 786.299999974668
  yaw: -58.823475
  pitch: 0.0
lastlocation:
  world: world_nether
  x: -536.6999999880791
  y: 75.0
  z: 15.938036440965945
  yaw: 12.660343
  pitch: 32.84984
afk: false
