lastAccountName: Selina
timestamps:
  login: 1587824337851
  logout: 1587832310483
  lastteleport: 1587827724045
ipAddress: 110.50.182.235
logoutlocation:
  world: world
  x: 368.4360499167097
  y: 64.0
  z: 787.0885776935174
  yaw: 243.70612
  pitch: 40.350155
lastlocation:
  world: world
  x: 2288.7113343693172
  y: 62.073264739703426
  z: 2862.795134693539
  yaw: -265.2812
  pitch: 46.95007
afk: false
