lastAccountName: Selina
timestamps:
  login: 1587908084808
  logout: 1587889462847
  lastteleport: 1587911493854
ipAddress: 180.217.249.110
logoutlocation:
  world: world
  x: 370.4755092672971
  y: 58.0
  z: 794.6683584137636
  yaw: 94.425964
  pitch: -40.650352
lastlocation:
  world: world
  x: 368.92773706754207
  y: 64.0
  z: 786.321159110763
  yaw: -133.85486
  pitch: 19.500164
afk: false
