lastAccountName: Selina
timestamps:
  login: 1586668099061
  logout: 1586629981948
ipAddress: 180.217.119.158
logoutlocation:
  world: world
  x: 372.299999974668
  y: 64.0000002
  z: 785.299999974668
  yaw: 7.8152466
  pitch: 31.34998
lastlocation:
  world: world
  x: 223.51475645438472
  y: 63.0
  z: 1432.6263916405567
  yaw: 272.26273
  pitch: 40.799965
afk: false
