lastAccountName: Selina
timestamps:
  login: 1586412951657
  logout: 1586365397894
ipAddress: 180.217.113.196
logoutlocation:
  world: world
  x: 370.57291646385164
  y: 64.0
  z: 784.3053737946835
  yaw: 204.86609
  pitch: 35.830307
lastlocation:
  world: world
  x: 375.6345899959061
  y: 64.6625000178814
  z: 776.7848338897503
  yaw: 96.12164
  pitch: 37.429386
afk: false
