lastAccountName: Selina
timestamps:
  login: 1586619704569
  logout: 1586419661610
ipAddress: 180.217.252.149
logoutlocation:
  world: world
  x: 371.5875498916973
  y: 64.0
  z: 783.9523060984599
  yaw: 179.86792
  pitch: 30.450008
lastlocation:
  world: world
  x: 375.6345899959061
  y: 64.6625000178814
  z: 776.7848338897503
  yaw: 96.12164
  pitch: 37.429386
afk: false
