lastAccountName: Selina
timestamps:
  login: 1587997889738
  logout: 1588004191877
  lastteleport: 1587915454065
ipAddress: 180.217.124.210
logoutlocation:
  world: world
  x: 370.9295622278656
  y: 64.0
  z: 786.2350725846499
  yaw: 213.71729
  pitch: 40.049335
lastlocation:
  world: world
  x: 1951.6137838953246
  y: 28.0
  z: 3475.5285701185244
  yaw: 184.06665
  pitch: 41.700005
afk: false
