lastAccountName: Selina
timestamps:
  login: 1587734984320
  logout: 1587749101737
  lastteleport: 1587746957033
ipAddress: 1.200.60.6
logoutlocation:
  world: world
  x: 371.299999974668
  y: 64.0000002
  z: 786.299999974668
  yaw: 303.74133
  pitch: 0.0
lastlocation:
  world: world
  x: 1727.699999988079
  y: 42.0199251750783
  z: 2595.300000011921
  yaw: 187.39624
  pitch: 67.05021
afk: false
