lastAccountName: Selina
timestamps:
  login: 1587047490618
  logout: 1587056122988
ipAddress: 180.217.119.174
logoutlocation:
  world: world
  x: 370.5289591440516
  y: 64.0
  z: 785.652168288863
  yaw: 58.638702
  pitch: 46.649982
lastlocation:
  world: world
  x: 214.3530304548346
  y: 63.0
  z: 1432.2438344053126
  yaw: -10.811341
  pitch: 12.299997
afk: false
