lastAccountName: Selina
timestamps:
  login: 1586668099061
  logout: 1586629981948
ipAddress: 180.217.119.158
logoutlocation:
  world: world
  x: 372.299999974668
  y: 64.0000002
  z: 785.299999974668
  yaw: 7.8152466
  pitch: 31.34998
lastlocation:
  world: world
  x: 319.0258438052182
  y: 64.0
  z: 806.2856608772888
  yaw: 194.77924
  pitch: 12.450384
afk: false
