lastAccountName: Selina
timestamps:
  login: 1587563797763
  logout: 1587563789204
ipAddress: 180.217.113.182
logoutlocation:
  world: world
  x: 384.65780543753397
  y: 18.0
  z: 759.906558245298
  yaw: -189.97025
  pitch: 34.199955
lastlocation:
  world: world
  x: 214.3530304548346
  y: 63.0
  z: 1432.2438344053126
  yaw: -10.811341
  pitch: 12.299997
afk: false
