lastAccountName: Selina
timestamps:
  login: 1587047490618
  logout: 1587047431936
ipAddress: 180.217.119.174
logoutlocation:
  world: world
  x: 372.13749998807907
  y: 68.0
  z: 780.1374999880791
  yaw: 212.22339
  pitch: -63.600002
lastlocation:
  world: world
  x: 370.62493937477757
  y: 64.0
  z: 775.2816167549555
  yaw: 197.17169
  pitch: 25.80001
afk: false
