lastAccountName: Selina
timestamps:
  login: 1587042070847
  logout: 1586968479584
ipAddress: 180.217.119.174
logoutlocation:
  world: world
  x: 371.299999974668
  y: 64.0000002
  z: 786.299999974668
  yaw: 310.5791
  pitch: 0.0
lastlocation:
  world: world
  x: 370.62493937477757
  y: 64.0
  z: 775.2816167549555
  yaw: 197.17169
  pitch: 25.80001
afk: true
