lastAccountName: Selina
timestamps:
  login: 1587824337851
  logout: 1587749101737
  lastteleport: 1587827724045
ipAddress: 110.50.182.235
logoutlocation:
  world: world
  x: 371.299999974668
  y: 64.0000002
  z: 786.299999974668
  yaw: 303.74133
  pitch: 0.0
lastlocation:
  world: world
  x: 2288.7113343693172
  y: 62.073264739703426
  z: 2862.795134693539
  yaw: -265.2812
  pitch: 46.95007
afk: false
