lastAccountName: Selina
timestamps:
  login: 1588435539758
  logout: 1588435589783
  lastteleport: 1588263297767
ipAddress: 209.58.188.43
logoutlocation:
  world: world
  x: 364.5205212230626
  y: 63.0
  z: 780.7840820785914
  yaw: -259.52322
  pitch: 39.900055
lastlocation:
  world: world_nether
  x: -536.6999999880791
  y: 75.0
  z: 15.938036440965945
  yaw: 12.660343
  pitch: 32.84984
afk: false
