lastAccountName: Selina
timestamps:
  login: 1588259913326
  logout: 1588265638817
  lastteleport: 1588263297767
ipAddress: 180.217.252.12
logoutlocation:
  world: world
  x: 371.299999974668
  y: 64.0000002
  z: 786.299999974668
  yaw: 199.17606
  pitch: 45.75002
lastlocation:
  world: world_nether
  x: -536.6999999880791
  y: 75.0
  z: 15.938036440965945
  yaw: 12.660343
  pitch: 32.84984
afk: false
