lastAccountName: Selina
timestamps:
  login: 1587734984320
  logout: 1587569406494
  lastteleport: 1587742880349
ipAddress: 1.200.60.6
logoutlocation:
  world: world
  x: 371.299999974668
  y: 64.0000002
  z: 786.299999974668
  yaw: 278.00952
  pitch: 0.0
lastlocation:
  world: world
  x: 369.2479995252029
  y: 74.0
  z: 793.6365484189669
  yaw: 93.74991
  pitch: 39.750015
afk: false
