lastAccountName: Selina
timestamps:
  login: 1587560795753
  logout: 1587484810451
ipAddress: 180.217.113.182
logoutlocation:
  world: world
  x: 371.299999974668
  y: 64.0000002
  z: 786.299999974668
  yaw: 291.40543
  pitch: 0.0
lastlocation:
  world: world
  x: 214.3530304548346
  y: 63.0
  z: 1432.2438344053126
  yaw: -10.811341
  pitch: 12.299997
afk: false
