lastAccountName: Selina
timestamps:
  login: 1586961017525
  logout: 1586882783182
ipAddress: 180.217.241.70
logoutlocation:
  world: world
  x: 372.299999974668
  y: 64.0000002
  z: 785.299999974668
  yaw: 357.02145
  pitch: 0.0
lastlocation:
  world: world_nether
  x: 146.30000001192093
  y: 95.0
  z: 553.6999999880791
  yaw: 261.2821
  pitch: 3.0001605
afk: false
