lastAccountName: Selina
timestamps:
  login: 1588259913326
  logout: 1588004191877
  lastteleport: 1588263297767
ipAddress: 180.217.252.12
logoutlocation:
  world: world
  x: 370.9295622278656
  y: 64.0
  z: 786.2350725846499
  yaw: 213.71729
  pitch: 40.049335
lastlocation:
  world: world_nether
  x: -536.6999999880791
  y: 75.0
  z: 15.938036440965945
  yaw: 12.660343
  pitch: 32.84984
afk: false
