lastAccountName: Selina
timestamps:
  login: 1586350919377
  logout: 1586276243199
ipAddress: 110.50.178.71
logoutlocation:
  world: world
  x: 370.9997752686221
  y: 64.0
  z: 785.0854393227806
  yaw: 186.59508
  pitch: 29.250008
lastlocation:
  world: world
  x: 375.6345899959061
  y: 64.6625000178814
  z: 776.7848338897503
  yaw: 96.12164
  pitch: 37.429386
afk: false
