lastAccountName: Selina
timestamps:
  login: 1587997889738
  logout: 1587919539130
  lastteleport: 1587915454065
ipAddress: 180.217.124.210
logoutlocation:
  world: world
  x: 370.3975416279352
  y: 64.0
  z: 787.4060573914354
  yaw: -114.15845
  pitch: 30.149967
lastlocation:
  world: world
  x: 1951.6137838953246
  y: 28.0
  z: 3475.5285701185244
  yaw: 184.06665
  pitch: 41.700005
afk: false
