lastAccountName: Selina
timestamps:
  login: 1586350919377
  logout: 1586276243199
ipAddress: 110.50.178.71
logoutlocation:
  world: world
  x: 370.9997752686221
  y: 64.0
  z: 785.0854393227806
  yaw: 186.59508
  pitch: 29.250008
lastlocation:
  world: world
  x: 524.3172403301478
  y: 52.0
  z: 643.1242062068048
  yaw: 159.02994
  pitch: 30.15033
afk: false
