lastAccountName: pig
timestamps:
  login: 1586321475156
  logout: 1586322032426
ipAddress: 114.45.154.12
lastlocation:
  world: world
  x: 212.0
  y: 65.0
  z: 271.0
  yaw: 0.0
  pitch: 0.0
logoutlocation:
  world: world
  x: 207.62839038081557
  y: 72.0
  z: 254.1963031179612
  yaw: 95.40007
  pitch: 8.399947
