lastAccountName: Hibiki182
timestamps:
  login: 1586871687764
  logout: 1586871653437
  lastteleport: 1586883328049
ipAddress: 119.77.247.72
lastlocation:
  world: world
  x: -222.28224349247526
  y: 104.0
  z: -1067.3301778571793
  yaw: 97.628174
  pitch: 8.100104
logoutlocation:
  world: world
  x: -406.3594948596559
  y: 11.0
  z: 3413.085544539483
  yaw: 109.349
  pitch: 39.150066
homes:
  home:
    world: world
    x: -226.30000001192093
    y: 104.0
    z: -1065.6549343775273
    yaw: 178.62743
    pitch: 11.249345
