lastAccountName: Hibiki182
timestamps:
  login: 1586797355551
  logout: 1586797234395
  lastteleport: 1586799718067
ipAddress: 119.77.247.72
lastlocation:
  world: world
  x: -407.5212328470415
  y: 11.0
  z: 2247.563247056354
  yaw: -178.36058
  pitch: 18.89977
logoutlocation:
  world: world
  x: -415.4782389028022
  y: 11.0
  z: 1613.3019788100357
  yaw: -358.06284
  pitch: 7.349616
homes:
  home:
    world: world
    x: -226.30000001192093
    y: 104.0
    z: -1065.6549343775273
    yaw: 178.62743
    pitch: 11.249345
