lastAccountName: Hibiki182
timestamps:
  login: 1588506373818
  logout: 1588508743463
  lastteleport: 1588357590793
ipAddress: 119.77.247.72
lastlocation:
  world: world
  x: -214.19630115202176
  y: 86.77680210133694
  z: -1105.4417448100035
  yaw: 29.678022
  pitch: 11.849291
logoutlocation:
  world: world
  x: 1254.5824499963767
  y: 10.0
  z: -1093.524366968226
  yaw: -184.96973
  pitch: 28.349977
homes:
  home:
    world: world
    x: -226.30000001192093
    y: 104.0
    z: -1065.6549343775273
    yaw: 178.62743
    pitch: 11.249345
afk: false
