lastAccountName: Hibiki182
timestamps:
  login: 1604759989817
  logout: 1604761942155
  lastteleport: 1604760669539
ipAddress: 119.77.247.72
lastlocation:
  world: world
  x: 284.4621999935522
  y: 93.69919544199253
  z: 534.2726949772074
  yaw: -117.20728
  pitch: 21.599964
logoutlocation:
  world: world
  x: 270.6491546127115
  y: 68.0
  z: 433.69999998807907
  yaw: 258.99475
  pitch: 9.449969
homes:
  home:
    world: world
    x: -226.30000001192093
    y: 104.0
    z: -1065.6549343775273
    yaw: 178.62743
    pitch: 11.249345
afk: false
