lastAccountName: Hibiki182
timestamps:
  login: 1590593948930
  logout: 1589886768394
  lastteleport: 1589545182624
ipAddress: 119.77.247.72
lastlocation:
  world: world
  x: -100.3267897844873
  y: 13.0
  z: -1120.699999988079
  yaw: -147.77243
  pitch: -10.050026
logoutlocation:
  world: world
  x: 3381.338864134392
  y: 10.0
  z: -1484.490557774183
  yaw: 271.03177
  pitch: 24.899534
homes:
  home:
    world: world
    x: -226.30000001192093
    y: 104.0
    z: -1065.6549343775273
    yaw: 178.62743
    pitch: 11.249345
afk: false
