lastAccountName: Hibiki182
timestamps:
  login: 1586789352482
  logout: 1586789349088
  lastteleport: 1586718108542
ipAddress: 119.77.247.72
lastlocation:
  world: world
  x: -399.30129426998224
  y: 9.0
  z: 217.4386011237226
  yaw: 182.2419
  pitch: 26.249237
logoutlocation:
  world: world
  x: -221.02624637488844
  y: 112.0
  z: -1071.785685108332
  yaw: -198.92215
  pitch: 48.899364
homes:
  home:
    world: world
    x: -226.30000001192093
    y: 104.0
    z: -1065.6549343775273
    yaw: 178.62743
    pitch: 11.249345
