lastAccountName: Hibiki182
timestamps:
  login: 1589038719431
  logout: 1588676945208
  lastteleport: 1588676940095
ipAddress: 119.77.247.72
lastlocation:
  world: world
  x: -223.75704055503058
  y: 104.0
  z: -1064.7420164222099
  yaw: 71.82703
  pitch: 6.149348
logoutlocation:
  world: world
  x: 1254.5
  y: 10.0
  z: -1093.5
  yaw: -85.21953
  pitch: 27.449972
homes:
  home:
    world: world
    x: -226.30000001192093
    y: 104.0
    z: -1065.6549343775273
    yaw: 178.62743
    pitch: 11.249345
afk: false
