lastAccountName: Hibiki182
timestamps:
  login: 1588261031344
  logout: 1588261028118
  lastteleport: 1588008067890
ipAddress: 119.77.247.72
lastlocation:
  world: world_the_end
  x: -7948.300428049066
  y: 62.0
  z: -9582.75542067274
  yaw: 259.17044
  pitch: 10.94992
logoutlocation:
  world: world
  x: -351.8459586133705
  y: 90.0
  z: -981.3097487234415
  yaw: 271.79016
  pitch: 3.5993376
homes:
  home:
    world: world
    x: -226.30000001192093
    y: 104.0
    z: -1065.6549343775273
    yaw: 178.62743
    pitch: 11.249345
afk: false
