lastAccountName: Hibiki182
timestamps:
  login: 1587655584731
  logout: 1587663097758
  lastteleport: 1587662842469
ipAddress: 180.217.80.166
lastlocation:
  world: world
  x: -219.81911473174844
  y: 104.0
  z: -1087.7942321275968
  yaw: -41.12271
  pitch: 33.29937
logoutlocation:
  world: world
  x: -8114.649799993374
  y: 10.0
  z: -1354.479143442896
  yaw: -266.57593
  pitch: 6.8996506
homes:
  home:
    world: world
    x: -226.30000001192093
    y: 104.0
    z: -1065.6549343775273
    yaw: 178.62743
    pitch: 11.249345
afk: false
