lastAccountName: Hibiki182
timestamps:
  login: 1587471747331
  logout: 1587403762594
  lastteleport: 1587485966126
ipAddress: 119.77.247.72
lastlocation:
  world: world
  x: -225.9303397670152
  y: 104.0
  z: -1073.0696594807828
  yaw: 27.727295
  pitch: 18.150034
logoutlocation:
  world: world
  x: -846.5
  y: 10.0
  z: -3397.5
  yaw: 25.597115
  pitch: 32.699715
homes:
  home:
    world: world
    x: -226.30000001192093
    y: 104.0
    z: -1065.6549343775273
    yaw: 178.62743
    pitch: 11.249345
afk: false
