lastAccountName: Hibiki182
timestamps:
  login: 1587655584731
  logout: 1587655435607
  lastteleport: 1587655947413
ipAddress: 180.217.80.166
lastlocation:
  world: world
  x: -165.43701287998323
  y: 22.716715730626962
  z: -1120.65205192606
  yaw: 52.926514
  pitch: 25.64911
logoutlocation:
  world: world
  x: -223.28575737041703
  y: 104.0
  z: -1064.1322420979386
  yaw: 192.72662
  pitch: 12.749161
homes:
  home:
    world: world
    x: -226.30000001192093
    y: 104.0
    z: -1065.6549343775273
    yaw: 178.62743
    pitch: 11.249345
afk: false
