lastAccountName: Hibiki182
timestamps:
  login: 1587317439185
  logout: 1587321828307
  lastteleport: 1587320576577
ipAddress: 119.77.247.72
lastlocation:
  world: world
  x: 194.69999998807907
  y: 36.200000047683716
  z: -2491.452786937933
  yaw: 68.54852
  pitch: 65.850296
logoutlocation:
  world: world
  x: -212.90148695550198
  y: 105.5
  z: -1069.4845126318812
  yaw: 269.7019
  pitch: 53.24938
homes:
  home:
    world: world
    x: -226.30000001192093
    y: 104.0
    z: -1065.6549343775273
    yaw: 178.62743
    pitch: 11.249345
afk: false
