lastAccountName: Hibiki182
timestamps:
  login: 1604751890161
  logout: 1604752258825
  lastteleport: 1604751545788
ipAddress: 119.77.247.72
lastlocation:
  world: world
  x: 4506.52168052203
  y: 10.0
  z: -1485.6835916897085
  yaw: -274.97415
  pitch: 13.497302
logoutlocation:
  world: world
  x: -222.4235698377286
  y: 111.0625
  z: -1084.4813314097782
  yaw: -298.37268
  pitch: 50.09964
homes:
  home:
    world: world
    x: -226.30000001192093
    y: 104.0
    z: -1065.6549343775273
    yaw: 178.62743
    pitch: 11.249345
afk: false
