lastAccountName: Hibiki182
timestamps:
  login: 1587226223835
  logout: 1587229366129
  lastteleport: 1587228749597
ipAddress: 119.77.247.72
lastlocation:
  world: world_nether
  x: -169.69999998807907
  y: 67.3830915622937
  z: -1141.108934981588
  yaw: 110.537415
  pitch: -2.849756
logoutlocation:
  world: world
  x: -228.82437352745077
  y: 120.0
  z: -1101.8588194020645
  yaw: 128.52725
  pitch: 31.049234
homes:
  home:
    world: world
    x: -226.30000001192093
    y: 104.0
    z: -1065.6549343775273
    yaw: 178.62743
    pitch: 11.249345
afk: false
