lastAccountName: Hibiki182
timestamps:
  login: 1587471747331
  logout: 1587403762594
  lastteleport: 1587483039825
ipAddress: 119.77.247.72
lastlocation:
  world: world
  x: -172.33604592255205
  y: 9.0
  z: -1126.237500011921
  yaw: -16.99131
  pitch: -21.150043
logoutlocation:
  world: world
  x: -846.5
  y: 10.0
  z: -3397.5
  yaw: 25.597115
  pitch: 32.699715
homes:
  home:
    world: world
    x: -226.30000001192093
    y: 104.0
    z: -1065.6549343775273
    yaw: 178.62743
    pitch: 11.249345
afk: false
