lastAccountName: Hibiki182
timestamps:
  login: 1587570130675
  logout: 1587579632070
  lastteleport: 1587579609294
ipAddress: 110.50.140.54
lastlocation:
  world: world
  x: -446.86563773777226
  y: 92.0
  z: -5593.840695547429
  yaw: 190.82968
  pitch: 11.54966
logoutlocation:
  world: world
  x: -5941.708682354452
  y: 11.0
  z: -1014.6193266742545
  yaw: -268.97452
  pitch: 18.448559
homes:
  home:
    world: world
    x: -226.30000001192093
    y: 104.0
    z: -1065.6549343775273
    yaw: 178.62743
    pitch: 11.249345
afk: false
