lastAccountName: Hibiki182
timestamps:
  login: 1591202433682
  logout: 1590599084679
  lastteleport: 1591202471748
ipAddress: 119.77.247.72
lastlocation:
  world: world
  x: 4455.089581486482
  y: 10.0
  z: -1485.746465657665
  yaw: 180.124
  pitch: 31.947515
logoutlocation:
  world: world
  x: 4454.48163368142
  y: 10.0
  z: -1487.4856756459862
  yaw: -4.976013
  pitch: 9.297546
homes:
  home:
    world: world
    x: -226.30000001192093
    y: 104.0
    z: -1065.6549343775273
    yaw: 178.62743
    pitch: 11.249345
afk: false
