lastAccountName: Hibiki182
timestamps:
  login: 1587143059142
  logout: 1587148249392
  lastteleport: 1587147133842
ipAddress: 119.77.247.72
lastlocation:
  world: world
  x: -218.39242999350694
  y: 78.0
  z: -1093.0503254956366
  yaw: 259.32623
  pitch: 43.6494
logoutlocation:
  world: world
  x: -207.45080003286694
  y: 11.0
  z: -3335.6306500955507
  yaw: -184.24174
  pitch: 13.948964
homes:
  home:
    world: world
    x: -226.30000001192093
    y: 104.0
    z: -1065.6549343775273
    yaw: 178.62743
    pitch: 11.249345
afk: false
