lastAccountName: Hibiki182
timestamps:
  login: 1587471747331
  logout: 1587403762594
  lastteleport: 1587475867426
ipAddress: 119.77.247.72
lastlocation:
  world: world
  x: -220.4535377124327
  y: 104.0
  z: -1088.2840066320841
  yaw: 359.07208
  pitch: 20.699478
logoutlocation:
  world: world
  x: -846.5
  y: 10.0
  z: -3397.5
  yaw: 25.597115
  pitch: 32.699715
homes:
  home:
    world: world
    x: -226.30000001192093
    y: 104.0
    z: -1065.6549343775273
    yaw: 178.62743
    pitch: 11.249345
afk: false
