lastAccountName: Hibiki182
timestamps:
  login: 1586965913837
  logout: 1586889323577
  lastteleport: 1586968088506
ipAddress: 119.77.247.72
lastlocation:
  world: world
  x: -226.5
  y: 111.0000002
  z: -1086.5
  yaw: -51.44999
  pitch: 34.95
logoutlocation:
  world: world
  x: -398.30000001192093
  y: 12.0
  z: 7457.604547838402
  yaw: -182.54749
  pitch: 13.798956
homes:
  home:
    world: world
    x: -226.30000001192093
    y: 104.0
    z: -1065.6549343775273
    yaw: 178.62743
    pitch: 11.249345
