lastAccountName: Hibiki182
timestamps:
  login: 1587570130675
  logout: 1587570113828
  lastteleport: 1587573611633
ipAddress: 110.50.140.54
lastlocation:
  world: world
  x: -4778.89306918552
  y: 10.0
  z: -1016.5211373497101
  yaw: -89.12537
  pitch: 29.699705
logoutlocation:
  world: world
  x: -3347.970358656663
  y: 12.0
  z: -1013.4703190977857
  yaw: 89.67972
  pitch: 13.349109
homes:
  home:
    world: world
    x: -226.30000001192093
    y: 104.0
    z: -1065.6549343775273
    yaw: 178.62743
    pitch: 11.249345
afk: false
