lastAccountName: Hibiki182
timestamps:
  login: 1587914651461
  logout: 1587918240864
  lastteleport: 1587838853089
ipAddress: 119.77.247.72
lastlocation:
  world: world
  x: -219.5
  y: 104.0
  z: -1097.5
  yaw: 58.779175
  pitch: 27.74996
logoutlocation:
  world: world
  x: -14989.545706265073
  y: 11.0
  z: -1454.6836160726934
  yaw: -268.37762
  pitch: -4.499981
homes:
  home:
    world: world
    x: -226.30000001192093
    y: 104.0
    z: -1065.6549343775273
    yaw: 178.62743
    pitch: 11.249345
afk: false
