lastAccountName: Hibiki182
timestamps:
  login: 1587991361118
  logout: 1587918240864
  lastteleport: 1587997441118
ipAddress: 119.77.247.72
lastlocation:
  world: world
  x: -222.6775355865878
  y: 111.0
  z: -1082.590761808151
  yaw: 23.228983
  pitch: 16.049746
logoutlocation:
  world: world
  x: -14989.545706265073
  y: 11.0
  z: -1454.6836160726934
  yaw: -268.37762
  pitch: -4.499981
homes:
  home:
    world: world
    x: -226.30000001192093
    y: 104.0
    z: -1065.6549343775273
    yaw: 178.62743
    pitch: 11.249345
afk: false
