lastAccountName: Hibiki182
timestamps:
  login: 1586710111513
  logout: 1586710105559
  lastteleport: 1586710190704
ipAddress: 119.77.247.72
lastlocation:
  world: world
  x: 217.19013916453181
  y: 68.0
  z: 268.68732246445495
  yaw: 342.98642
  pitch: 5.7001047
logoutlocation:
  world: world
  x: 219.5
  y: 69.0
  z: 265.5
  yaw: 47.18627
  pitch: 13.350019
homes:
  home:
    world: world
    x: -226.6544309039917
    y: 117.0
    z: -1068.1150742577383
    yaw: 252.71814
    pitch: 6.9016857
