lastAccountName: Hibiki182
timestamps:
  login: 1586797355551
  logout: 1586801482142
  lastteleport: 1586799777416
ipAddress: 119.77.247.72
lastlocation:
  world: world
  x: -232.2181169465009
  y: 104.0
  z: -1070.830785408163
  yaw: -3.4727173
  pitch: 24.600037
logoutlocation:
  world: world
  x: -407.69999998807907
  y: 11.0
  z: 2710.8609914866315
  yaw: -1.8098755
  pitch: 10.049754
homes:
  home:
    world: world
    x: -226.30000001192093
    y: 104.0
    z: -1065.6549343775273
    yaw: 178.62743
    pitch: 11.249345
