lastAccountName: Hibiki182
timestamps:
  login: 1604751890161
  logout: 1604751818967
  lastteleport: 1604751545788
ipAddress: 119.77.247.72
lastlocation:
  world: world
  x: 4506.52168052203
  y: 10.0
  z: -1485.6835916897085
  yaw: -274.97415
  pitch: 13.497302
logoutlocation:
  world: world
  x: -234.33680177519798
  y: 105.5
  z: -1075.0504127562388
  yaw: -167.1197
  pitch: 7.349919
homes:
  home:
    world: world
    x: -226.30000001192093
    y: 104.0
    z: -1065.6549343775273
    yaw: 178.62743
    pitch: 11.249345
afk: false
