lastAccountName: Hibiki182
timestamps:
  login: 1589038719431
  logout: 1589041612295
  lastteleport: 1589039814314
ipAddress: 119.77.247.72
lastlocation:
  world: world
  x: -322.7229759214698
  y: 76.5
  z: -981.4390279623127
  yaw: -85.372665
  pitch: 15.899279
logoutlocation:
  world: world
  x: 2442.352131008438
  y: 10.0
  z: -1093.5079526206453
  yaw: -159.02087
  pitch: 28.048367
homes:
  home:
    world: world
    x: -226.30000001192093
    y: 104.0
    z: -1065.6549343775273
    yaw: 178.62743
    pitch: 11.249345
afk: false
