lastAccountName: Hibiki182
timestamps:
  login: 1586871687764
  logout: 1586889323577
  lastteleport: 1586883328049
ipAddress: 119.77.247.72
lastlocation:
  world: world
  x: -222.28224349247526
  y: 104.0
  z: -1067.3301778571793
  yaw: 97.628174
  pitch: 8.100104
logoutlocation:
  world: world
  x: -398.30000001192093
  y: 12.0
  z: 7457.604547838402
  yaw: -182.54749
  pitch: 13.798956
homes:
  home:
    world: world
    x: -226.30000001192093
    y: 104.0
    z: -1065.6549343775273
    yaw: 178.62743
    pitch: 11.249345
