lastAccountName: Hibiki182
timestamps:
  login: 1590593948930
  logout: 1589886768394
  lastteleport: 1590597371712
ipAddress: 119.77.247.72
lastlocation:
  world: world
  x: 783.6648977575614
  y: 71.0
  z: -1754.9370289940382
  yaw: 111.88406
  pitch: 39.748917
logoutlocation:
  world: world
  x: 3381.338864134392
  y: 10.0
  z: -1484.490557774183
  yaw: 271.03177
  pitch: 24.899534
homes:
  home:
    world: world
    x: -226.30000001192093
    y: 104.0
    z: -1065.6549343775273
    yaw: 178.62743
    pitch: 11.249345
afk: false
