lastAccountName: Hibiki182
timestamps:
  login: 1587745451595
  logout: 1587745942100
  lastteleport: 1587744478334
ipAddress: 180.217.80.166
lastlocation:
  world: world
  x: -218.66626554504967
  y: 104.0
  z: -1078.5061811824883
  yaw: 33.578003
  pitch: 37.949425
logoutlocation:
  world: world
  x: -10367.506741288222
  y: 13.0
  z: -1408.5087827121256
  yaw: -278.86713
  pitch: 12.299747
homes:
  home:
    world: world
    x: -226.30000001192093
    y: 104.0
    z: -1065.6549343775273
    yaw: 178.62743
    pitch: 11.249345
afk: false
