lastAccountName: Hibiki182
timestamps:
  login: 1590593948930
  logout: 1590599084679
  lastteleport: 1590597371712
ipAddress: 119.77.247.72
lastlocation:
  world: world
  x: 783.6648977575614
  y: 71.0
  z: -1754.9370289940382
  yaw: 111.88406
  pitch: 39.748917
logoutlocation:
  world: world
  x: 4454.48163368142
  y: 10.0
  z: -1487.4856756459862
  yaw: -4.976013
  pitch: 9.297546
homes:
  home:
    world: world
    x: -226.30000001192093
    y: 104.0
    z: -1065.6549343775273
    yaw: 178.62743
    pitch: 11.249345
afk: false
