lastAccountName: Hibiki182
timestamps:
  login: 1587143059142
  logout: 1587058209916
  lastteleport: 1587144927874
ipAddress: 119.77.247.72
lastlocation:
  world: world
  x: -224.19999998807907
  y: 103.5
  z: -1070.1954008983435
  yaw: 35.677612
  pitch: 6.899293
logoutlocation:
  world: world
  x: -226.70000002533197
  y: 111.0000002
  z: -1086.700000025332
  yaw: -118.68334
  pitch: 10.350002
homes:
  home:
    world: world
    x: -226.30000001192093
    y: 104.0
    z: -1065.6549343775273
    yaw: 178.62743
    pitch: 11.249345
afk: false
