lastAccountName: Hibiki182
timestamps:
  login: 1587487919655
  logout: 1587487901918
  lastteleport: 1587485966126
ipAddress: 1.200.220.113
lastlocation:
  world: world
  x: -225.9303397670152
  y: 104.0
  z: -1073.0696594807828
  yaw: 27.727295
  pitch: 18.150034
logoutlocation:
  world: world
  x: -1193.300000011921
  y: 10.0
  z: -1035.684122784635
  yaw: -326.42145
  pitch: 21.74794
homes:
  home:
    world: world
    x: -226.30000001192093
    y: 104.0
    z: -1065.6549343775273
    yaw: 178.62743
    pitch: 11.249345
afk: true
