lastAccountName: Hibiki182
timestamps:
  login: 1587826447954
  logout: 1587745942100
  lastteleport: 1587827610842
ipAddress: 119.77.247.72
lastlocation:
  world: world
  x: -225.60681175471177
  y: 111.0
  z: -1086.4981658198792
  yaw: 318.12573
  pitch: 39.59944
logoutlocation:
  world: world
  x: -10367.506741288222
  y: 13.0
  z: -1408.5087827121256
  yaw: -278.86713
  pitch: 12.299747
homes:
  home:
    world: world
    x: -226.30000001192093
    y: 104.0
    z: -1065.6549343775273
    yaw: 178.62743
    pitch: 11.249345
afk: false
