lastAccountName: Hibiki182
timestamps:
  login: 1588354232656
  logout: 1588262729012
  lastteleport: 1588008067890
ipAddress: 119.77.247.72
lastlocation:
  world: world_the_end
  x: -7948.300428049066
  y: 62.0
  z: -9582.75542067274
  yaw: 259.17044
  pitch: 10.94992
logoutlocation:
  world: world
  x: -352.21475144987295
  y: 90.0
  z: -981.6616416911163
  yaw: 271.93448
  pitch: 15.300002
homes:
  home:
    world: world
    x: -226.30000001192093
    y: 104.0
    z: -1065.6549343775273
    yaw: 178.62743
    pitch: 11.249345
afk: false
