lastAccountName: Hibiki182
timestamps:
  login: 1586710111513
  logout: 1586719420443
  lastteleport: 1586718108542
ipAddress: 119.77.247.72
lastlocation:
  world: world
  x: -399.30129426998224
  y: 9.0
  z: 217.4386011237226
  yaw: 182.2419
  pitch: 26.249237
logoutlocation:
  world: world
  x: -221.20136468891513
  y: 112.0
  z: -1071.8985368494116
  yaw: -176.12207
  pitch: 22.799372
homes:
  home:
    world: world
    x: -226.6544309039917
    y: 117.0
    z: -1068.1150742577383
    yaw: 252.71814
    pitch: 6.9016857
