lastAccountName: Hibiki182
timestamps:
  login: 1587040981728
  logout: 1587040978849
  lastteleport: 1587054709798
ipAddress: 119.77.247.72
lastlocation:
  world: world
  x: -221.5
  y: 10.0
  z: -1500.5
  yaw: 178.17917
  pitch: 11.698973
logoutlocation:
  world: world
  x: -459.5400390440405
  y: 10.0
  z: 9040.968900825588
  yaw: -4.643851
  pitch: 12.44996
homes:
  home:
    world: world
    x: -226.30000001192093
    y: 104.0
    z: -1065.6549343775273
    yaw: 178.62743
    pitch: 11.249345
afk: false
