lastAccountName: Hibiki182
timestamps:
  login: 1587991361118
  logout: 1588008276373
  lastteleport: 1588008067890
ipAddress: 119.77.247.72
lastlocation:
  world: world_the_end
  x: -7948.300428049066
  y: 62.0
  z: -9582.75542067274
  yaw: 259.17044
  pitch: 10.94992
logoutlocation:
  world: world
  x: -230.62005634694845
  y: 136.0
  z: -1070.0150070822644
  yaw: -103.52198
  pitch: 2.5500422
homes:
  home:
    world: world
    x: -226.30000001192093
    y: 104.0
    z: -1065.6549343775273
    yaw: 178.62743
    pitch: 11.249345
afk: false
