lastAccountName: Hibiki182
timestamps:
  login: 1587838593184
  logout: 1587839240151
  lastteleport: 1587838853089
ipAddress: 180.217.80.166
lastlocation:
  world: world
  x: -219.5
  y: 104.0
  z: -1097.5
  yaw: 58.779175
  pitch: 27.74996
logoutlocation:
  world: world
  x: -14173.109346012903
  y: 11.0
  z: -1434.4878863785702
  yaw: -265.22998
  pitch: 7.049646
homes:
  home:
    world: world
    x: -226.30000001192093
    y: 104.0
    z: -1065.6549343775273
    yaw: 178.62743
    pitch: 11.249345
afk: false
