lastAccountName: Hibiki182
timestamps:
  login: 1587040981728
  logout: 1587040978849
  lastteleport: 1587050954119
ipAddress: 119.77.247.72
lastlocation:
  world: world
  x: 462.0615562092972
  y: 10.0
  z: 10338.505066984184
  yaw: -88.33804
  pitch: 12.149143
logoutlocation:
  world: world
  x: -459.5400390440405
  y: 10.0
  z: 9040.968900825588
  yaw: -4.643851
  pitch: 12.44996
homes:
  home:
    world: world
    x: -226.30000001192093
    y: 104.0
    z: -1065.6549343775273
    yaw: 178.62743
    pitch: 11.249345
afk: false
