lastAccountName: Hibiki182
timestamps:
  login: 1587401721916
  logout: 1587403762594
  lastteleport: 1587403759218
ipAddress: 1.200.220.113
lastlocation:
  world: world
  x: -221.98476036201978
  y: 105.0
  z: -1080.4807025265131
  yaw: 331.02667
  pitch: 19.199411
logoutlocation:
  world: world
  x: -846.5
  y: 10.0
  z: -3397.5
  yaw: 25.597115
  pitch: 32.699715
homes:
  home:
    world: world
    x: -226.30000001192093
    y: 104.0
    z: -1065.6549343775273
    yaw: 178.62743
    pitch: 11.249345
afk: false
