lastAccountName: Hibiki182
timestamps:
  login: 1587742866802
  logout: 1587742865652
  lastteleport: 1587741516096
ipAddress: 119.77.247.72
lastlocation:
  world: world
  x: -220.69999998807907
  y: 104.0
  z: -1092.3811197606228
  yaw: 23.226871
  pitch: 19.499304
logoutlocation:
  world: world
  x: -9333.590233110908
  y: 15.0
  z: -1383.699999988079
  yaw: -273.77112
  pitch: 31.94941
homes:
  home:
    world: world
    x: -226.30000001192093
    y: 104.0
    z: -1065.6549343775273
    yaw: 178.62743
    pitch: 11.249345
afk: false
