lastAccountName: Hibiki182
timestamps:
  login: 1588081358614
  logout: 1588086633298
  lastteleport: 1588008067890
ipAddress: 119.77.247.72
lastlocation:
  world: world_the_end
  x: -7948.300428049066
  y: 62.0
  z: -9582.75542067274
  yaw: 259.17044
  pitch: 10.94992
logoutlocation:
  world: world
  x: -321.4118635843252
  y: 92.0
  z: -976.3880359051935
  yaw: -194.56194
  pitch: 48.14986
homes:
  home:
    world: world
    x: -226.30000001192093
    y: 104.0
    z: -1065.6549343775273
    yaw: 178.62743
    pitch: 11.249345
afk: false
