lastAccountName: Hibiki182
timestamps:
  login: 1591202433682
  logout: 1591202764572
  lastteleport: 1591202716449
ipAddress: 119.77.247.72
lastlocation:
  world: world
  x: 276.80527074259135
  y: 93.5
  z: 515.6790953487703
  yaw: 10.435181
  pitch: 17.099564
logoutlocation:
  world: world
  x: 4475.570121269128
  y: 10.0
  z: -1485.4241674353839
  yaw: 91.02469
  pitch: 24.147453
homes:
  home:
    world: world
    x: -226.30000001192093
    y: 104.0
    z: -1065.6549343775273
    yaw: 178.62743
    pitch: 11.249345
afk: false
