lastAccountName: Hibiki182
timestamps:
  login: 1587650096345
  logout: 1587579632070
  lastteleport: 1587652874582
ipAddress: 119.77.247.72
lastlocation:
  world: world
  x: -6320.6589639095555
  y: 10.0
  z: -1346.3503767669026
  yaw: -271.37036
  pitch: 22.19761
logoutlocation:
  world: world
  x: -5941.708682354452
  y: 11.0
  z: -1014.6193266742545
  yaw: -268.97452
  pitch: 18.448559
homes:
  home:
    world: world
    x: -226.30000001192093
    y: 104.0
    z: -1065.6549343775273
    yaw: 178.62743
    pitch: 11.249345
afk: false
