lastAccountName: Hibiki182
timestamps:
  login: 1588354232656
  logout: 1588357829267
  lastteleport: 1588357590793
ipAddress: 119.77.247.72
lastlocation:
  world: world
  x: -214.19630115202176
  y: 86.77680210133694
  z: -1105.4417448100035
  yaw: 29.678022
  pitch: 11.849291
logoutlocation:
  world: world
  x: 456.69999998807907
  y: 11.0
  z: -1053.5199348059525
  yaw: -195.47783
  pitch: 29.549286
homes:
  home:
    world: world
    x: -226.30000001192093
    y: 104.0
    z: -1065.6549343775273
    yaw: 178.62743
    pitch: 11.249345
afk: false
