lastAccountName: Hibiki182
timestamps:
  login: 1587471747331
  logout: 1587403762594
  lastteleport: 1587478160276
ipAddress: 119.77.247.72
lastlocation:
  world: world
  x: -881.6999999880791
  y: 11.0
  z: -3950.7581456777616
  yaw: 188.0503
  pitch: 24.299747
logoutlocation:
  world: world
  x: -846.5
  y: 10.0
  z: -3397.5
  yaw: 25.597115
  pitch: 32.699715
homes:
  home:
    world: world
    x: -226.30000001192093
    y: 104.0
    z: -1065.6549343775273
    yaw: 178.62743
    pitch: 11.249345
afk: false
