lastAccountName: Hibiki182
timestamps:
  login: 1587568063167
  logout: 1587570113828
  lastteleport: 1587569913743
ipAddress: 119.77.247.72
lastlocation:
  world: world
  x: -222.84695527138726
  y: 105.0
  z: -1080.3193453277386
  yaw: 178.92712
  pitch: 22.94935
logoutlocation:
  world: world
  x: -3347.970358656663
  y: 12.0
  z: -1013.4703190977857
  yaw: 89.67972
  pitch: 13.349109
homes:
  home:
    world: world
    x: -226.30000001192093
    y: 104.0
    z: -1065.6549343775273
    yaw: 178.62743
    pitch: 11.249345
afk: false
