lastAccountName: Hibiki182
timestamps:
  login: 1586871687764
  logout: 1586871653437
  lastteleport: 1586799777416
ipAddress: 119.77.247.72
lastlocation:
  world: world
  x: -232.2181169465009
  y: 104.0
  z: -1070.830785408163
  yaw: -3.4727173
  pitch: 24.600037
logoutlocation:
  world: world
  x: -406.3594948596559
  y: 11.0
  z: 3413.085544539483
  yaw: 109.349
  pitch: 39.150066
homes:
  home:
    world: world
    x: -226.30000001192093
    y: 104.0
    z: -1065.6549343775273
    yaw: 178.62743
    pitch: 11.249345
