lastAccountName: biteyou74
timestamps:
  login: 1587460219341
  logout: 1587454442667
  lastteleport: 1587400210716
ipAddress: 120.102.191.141
lastlocation:
  world: world
  x: -237.06119445490611
  y: 15.200000047683655
  z: -1110.7229474669584
  yaw: -276.5692
  pitch: 43.94999
logoutlocation:
  world: world
  x: -237.40591415167594
  y: 76.0
  z: -984.748379413852
  yaw: 210.0209
  pitch: -5.249872
afk: true
homes:
  home:
    world: world
    x: -545.3821466682045
    y: 67.0
    z: 12038.150986161801
    yaw: -349.44803
    pitch: 52.049816
