lastAccountName: biteyou74
timestamps:
  login: 1590339631231
  logout: 1590340675467
  lastteleport: 1590339560352
ipAddress: 110.26.167.143
lastlocation:
  world: world
  x: -545.5022171800936
  y: 67.0
  z: 12038.289913799075
  yaw: -92.79868
  pitch: 80.099976
logoutlocation:
  world: world
  x: -462.93202421292733
  y: 81.74565174947395
  z: -1497.5728670838164
  yaw: -136.8042
  pitch: 29.699995
afk: false
homes:
  home:
    world: world
    x: -545.3821466682045
    y: 67.0
    z: 12038.150986161801
    yaw: -349.44803
    pitch: 52.049816
