lastAccountName: biteyou74
timestamps:
  login: 1588215043065
  logout: 1588179285393
  lastteleport: 1588217785460
ipAddress: 120.102.191.141
lastlocation:
  world: world
  x: -161.20046639921532
  y: 85.6849663173402
  z: -1006.027295007224
  yaw: 92.06904
  pitch: 13.200053
logoutlocation:
  world: world
  x: -227.71375067949285
  y: 89.0
  z: -1042.480743040932
  yaw: -91.85321
  pitch: 14.700051
afk: false
homes:
  home:
    world: world
    x: -545.3821466682045
    y: 67.0
    z: 12038.150986161801
    yaw: -349.44803
    pitch: 52.049816
