lastAccountName: biteyou74
timestamps:
  login: 1588136781024
  logout: 1588100543187
  lastteleport: 1588006084840
ipAddress: 120.102.191.141
lastlocation:
  world: world
  x: 503.1167663407251
  y: 67.0
  z: -277.99667464187905
  yaw: -248.65741
  pitch: 7.350389
logoutlocation:
  world: world
  x: -222.94833513906093
  y: 105.0
  z: -1080.3461018180437
  yaw: -162.09857
  pitch: 4.199749
afk: false
homes:
  home:
    world: world
    x: -545.3821466682045
    y: 67.0
    z: 12038.150986161801
    yaw: -349.44803
    pitch: 52.049816
