lastAccountName: biteyou74
timestamps:
  login: 1605104981908
  logout: 1605103757354
  lastteleport: 1605103180788
ipAddress: 111.241.135.84
lastlocation:
  world: world
  x: -218.70000002533197
  y: 111.0000002
  z: -1098.700000025332
  yaw: 33.599915
  pitch: 32.99998
logoutlocation:
  world: world
  x: 292.6807650137516
  y: 73.74317126936853
  z: 389.1969550999414
  yaw: 257.33612
  pitch: 15.000098
afk: false
homes:
  home:
    world: world
    x: -219.7878281610163
    y: 111.0
    z: -1098.642145520334
    yaw: -38.250076
    pitch: 38.399967
