lastAccountName: biteyou74
timestamps:
  login: 1588001854994
  logout: 1587994335388
  lastteleport: 1587400210716
ipAddress: 120.102.191.141
lastlocation:
  world: world
  x: -807.5308153726501
  y: 9.0
  z: -1052.6966415315123
  yaw: 240.01227
  pitch: 28.202213
logoutlocation:
  world: world
  x: -222.99121726172604
  y: 111.0
  z: -1081.6811489718782
  yaw: 61.04071
  pitch: 1.9500242
afk: false
homes:
  home:
    world: world
    x: -545.3821466682045
    y: 67.0
    z: 12038.150986161801
    yaw: -349.44803
    pitch: 52.049816
