lastAccountName: biteyou74
timestamps:
  login: 1587829781735
  logout: 1587799675324
  lastteleport: 1587400210716
ipAddress: 120.102.191.141
lastlocation:
  world: world
  x: -807.5308153726501
  y: 9.0
  z: -1052.6966415315123
  yaw: 240.01227
  pitch: 28.202213
logoutlocation:
  world: world
  x: -353.30000001192093
  y: 89.0
  z: -981.3739780937738
  yaw: -88.3847
  pitch: 35.70012
afk: false
homes:
  home:
    world: world
    x: -545.3821466682045
    y: 67.0
    z: 12038.150986161801
    yaw: -349.44803
    pitch: 52.049816
