lastAccountName: biteyou74
timestamps:
  login: 1604737783421
  logout: 1604736246252
  lastteleport: 1604750565139
ipAddress: 1.160.128.80
lastlocation:
  world: world
  x: -126.93003794027
  y: 84.0
  z: -1223.5955152271363
  yaw: 35.55006
  pitch: 24.300348
logoutlocation:
  world: world
  x: 228.00677271063006
  y: 84.62311950595503
  z: 347.522592942284
  yaw: 349.25336
  pitch: 14.249929
afk: false
homes:
  home:
    world: world
    x: -219.7878281610163
    y: 111.0
    z: -1098.642145520334
    yaw: -38.250076
    pitch: 38.399967
