lastAccountName: biteyou74
timestamps:
  login: 1588093957451
  logout: 1588093220354
  lastteleport: 1588006084840
ipAddress: 27.247.44.109
lastlocation:
  world: world
  x: -298.29580341038655
  y: 76.0
  z: -996.2277409652547
  yaw: -94.79529
  pitch: 35.40006
logoutlocation:
  world: world
  x: -160.78897945947668
  y: 72.0
  z: -1000.9253746014004
  yaw: -345.4864
  pitch: 57.600143
afk: false
homes:
  home:
    world: world
    x: -545.3821466682045
    y: 67.0
    z: 12038.150986161801
    yaw: -349.44803
    pitch: 52.049816
