lastAccountName: biteyou74
timestamps:
  login: 1586705459986
  logout: 1586704124764
  lastteleport: 1586707442980
ipAddress: 120.102.191.141
lastlocation:
  world: world
  x: 304.65501079065143
  y: 63.275125
  z: -1049.2115048220523
  yaw: 267.8397
  pitch: 6.4508977
logoutlocation:
  world: world
  x: 188.19589564867707
  y: 63.0
  z: -1062.4079016550627
  yaw: 91.67398
  pitch: 24.749971
afk: false
homes:
  home:
    world: world
    x: -141.19418645913834
    y: 90.0
    z: -1093.6147547719586
    yaw: -248.15631
    pitch: -0.44968373
