lastAccountName: biteyou74
timestamps:
  login: 1588215043065
  logout: 1588179285393
  lastteleport: 1588219195960
ipAddress: 120.102.191.141
lastlocation:
  world: world
  x: -974.4970252277724
  y: 67.63143829786533
  z: 11950.812024889105
  yaw: 214.30554
  pitch: 64.79976
logoutlocation:
  world: world
  x: -227.71375067949285
  y: 89.0
  z: -1042.480743040932
  yaw: -91.85321
  pitch: 14.700051
afk: false
homes:
  home:
    world: world
    x: -545.3821466682045
    y: 67.0
    z: 12038.150986161801
    yaw: -349.44803
    pitch: 52.049816
