lastAccountName: biteyou74
timestamps:
  login: 1587028414341
  logout: 1587028388440
  lastteleport: 1587054479758
ipAddress: 120.102.191.141
lastlocation:
  world: world
  x: 585.5613815417759
  y: 71.0010598645085
  z: -191.35194719369304
  yaw: 62.466003
  pitch: 16.500189
logoutlocation:
  world: world
  x: -100.70988456266254
  y: 13.0
  z: -1122.1828617749138
  yaw: 254.37729
  pitch: -12.750777
afk: false
homes:
  home:
    world: world
    x: -141.19418645913834
    y: 90.0
    z: -1093.6147547719586
    yaw: -248.15631
    pitch: -0.44968373
