lastAccountName: biteyou74
timestamps:
  login: 1586586752782
  logout: 1586539621198
  lastteleport: 1586589183567
ipAddress: 36.230.75.242
lastlocation:
  world: world
  x: 88.69999998807907
  y: 11.0
  z: -977.1731928845093
  yaw: -176.50682
  pitch: 21.900011
logoutlocation:
  world: world
  x: -180.46389652597935
  y: 69.0
  z: -1095.3472733831477
  yaw: -263.756
  pitch: 8.550032
afk: false
homes:
  home:
    world: world
    x: -141.19418645913834
    y: 90.0
    z: -1093.6147547719586
    yaw: -248.15631
    pitch: -0.44968373
