lastAccountName: biteyou74
timestamps:
  login: 1586797238163
  logout: 1586801544950
  lastteleport: 1586800265668
ipAddress: 39.12.35.167
lastlocation:
  world: world
  x: -180.39658441122256
  y: 79.0
  z: -1079.4152503193304
  yaw: -182.15479
  pitch: 14.400483
logoutlocation:
  world: world
  x: -197.7284357518363
  y: 109.54384008969771
  z: -1035.0349415835913
  yaw: -343.22192
  pitch: 36.299393
afk: false
homes:
  home:
    world: world
    x: -141.19418645913834
    y: 90.0
    z: -1093.6147547719586
    yaw: -248.15631
    pitch: -0.44968373
