lastAccountName: biteyou74
timestamps:
  login: 1586869392720
  logout: 1586869386993
  lastteleport: 1586869988597
ipAddress: 120.102.191.141
lastlocation:
  world: world
  x: 65.09027214562795
  y: 79.0
  z: -1156.3586394617362
  yaw: 45.289307
  pitch: 22.800125
logoutlocation:
  world: world
  x: 23.293132527337658
  y: 74.08865243635789
  z: -1237.4236790628154
  yaw: -83.437225
  pitch: 5.6997957
afk: true
homes:
  home:
    world: world
    x: -141.19418645913834
    y: 90.0
    z: -1093.6147547719586
    yaw: -248.15631
    pitch: -0.44968373
