lastAccountName: biteyou74
timestamps:
  login: 1589271955455
  logout: 1589136097239
  lastteleport: 1589135957425
ipAddress: 120.102.191.141
lastlocation:
  world: world
  x: 622.9079058418346
  y: 71.62392312856034
  z: 767.6914779358107
  yaw: -184.7135
  pitch: 36.900078
logoutlocation:
  world: world
  x: -118.13749998807904
  y: 41.0
  z: -963.258035967654
  yaw: -205.08234
  pitch: 3.45151
afk: false
homes:
  home:
    world: world
    x: -545.3821466682045
    y: 67.0
    z: 12038.150986161801
    yaw: -349.44803
    pitch: 52.049816
