lastAccountName: biteyou74
timestamps:
  login: 1604928516607
  logout: 1604828876952
  lastteleport: 1604930986038
ipAddress: 118.167.119.233
lastlocation:
  world: world
  x: -22.45043786062943
  y: 70.0
  z: -1392.9150723656112
  yaw: 31.199625
  pitch: 13.79956
logoutlocation:
  world: world
  x: 202.87741055001047
  y: 86.83526845089337
  z: 345.445872595242
  yaw: -27.523945
  pitch: 1.8000243
afk: false
homes:
  home:
    world: world
    x: -219.7878281610163
    y: 111.0
    z: -1098.642145520334
    yaw: -38.250076
    pitch: 38.399967
