lastAccountName: biteyou74
timestamps:
  login: 1587123377009
  logout: 1587124920807
  lastteleport: 1587116891691
ipAddress: 120.102.191.141
lastlocation:
  world: world
  x: 540.3278817775696
  y: 68.25556256525581
  z: -226.81013215059016
  yaw: 106.884926
  pitch: 26.700117
logoutlocation:
  world: world
  x: -233.1986648107544
  y: 79.0
  z: -1020.7519203456708
  yaw: 182.7685
  pitch: -15.148986
afk: false
homes:
  home:
    world: world
    x: -141.19418645913834
    y: 90.0
    z: -1093.6147547719586
    yaw: -248.15631
    pitch: -0.44968373
