lastAccountName: biteyou74
timestamps:
  login: 1590642570757
  logout: 1590643144075
  lastteleport: 1590598991861
ipAddress: 120.102.191.141
lastlocation:
  world: world
  x: -261.3367811267825
  y: 84.0
  z: -1063.069737903705
  yaw: -37.35907
  pitch: 34.64976
logoutlocation:
  world: world
  x: 213.55877134312857
  y: 70.0
  z: 409.5291824251508
  yaw: -43.450256
  pitch: -6.1502
afk: false
homes:
  home:
    world: world
    x: -219.7878281610163
    y: 111.0
    z: -1098.642145520334
    yaw: -38.250076
    pitch: 38.399967
