lastAccountName: biteyou74
timestamps:
  login: 1588136781024
  logout: 1588146265309
  lastteleport: 1588006084840
ipAddress: 120.102.191.141
lastlocation:
  world: world
  x: 503.1167663407251
  y: 67.0
  z: -277.99667464187905
  yaw: -248.65741
  pitch: 7.350389
logoutlocation:
  world: world
  x: -218.0742329121697
  y: 104.0
  z: -1067.6239455174893
  yaw: -296.7541
  pitch: 27.599773
afk: false
homes:
  home:
    world: world
    x: -545.3821466682045
    y: 67.0
    z: 12038.150986161801
    yaw: -349.44803
    pitch: 52.049816
