lastAccountName: biteyou74
timestamps:
  login: 1586522381711
  logout: 1586532742443
  lastteleport: 1586524077236
ipAddress: 36.230.75.242
lastlocation:
  world: world_nether
  x: -26.647461708621645
  y: 57.0
  z: 134.85226878001362
  yaw: -330.68423
  pitch: 46.200745
logoutlocation:
  world: world
  x: -133.53874398091173
  y: 80.0
  z: -1092.8927466660273
  yaw: -172.86566
  pitch: 15.000034
afk: false
homes:
  home:
    world: world
    x: -141.19418645913834
    y: 90.0
    z: -1093.6147547719586
    yaw: -248.15631
    pitch: -0.44968373
