lastAccountName: biteyou74
timestamps:
  login: 1589364214453
  logout: 1589365273950
  lastteleport: 1589364982668
ipAddress: 120.102.191.141
lastlocation:
  world: world
  x: -224.42645359358383
  y: 87.875
  z: -1064.3408314385754
  yaw: -126.29949
  pitch: 89.85
logoutlocation:
  world: world
  x: 815.7304225460708
  y: 70.22258161854401
  z: -1751.665087518476
  yaw: 54.964783
  pitch: 11.250419
afk: false
homes:
  home:
    world: world
    x: -545.3821466682045
    y: 67.0
    z: 12038.150986161801
    yaw: -349.44803
    pitch: 52.049816
