lastAccountName: biteyou74
timestamps:
  login: 1586838831669
  logout: 1586840861092
  lastteleport: 1586800265668
ipAddress: 39.12.35.167
lastlocation:
  world: world
  x: -180.39658441122256
  y: 79.0
  z: -1079.4152503193304
  yaw: -182.15479
  pitch: 14.400483
logoutlocation:
  world: world
  x: -225.51074792927028
  y: 104.0
  z: -1064.6698481616072
  yaw: 270.57898
  pitch: 33.750652
afk: false
homes:
  home:
    world: world
    x: -141.19418645913834
    y: 90.0
    z: -1093.6147547719586
    yaw: -248.15631
    pitch: -0.44968373
