lastAccountName: biteyou74
timestamps:
  login: 1588064159506
  logout: 1588008307515
  lastteleport: 1588006084840
ipAddress: 120.102.191.141
lastlocation:
  world: world
  x: -298.29580341038655
  y: 76.0
  z: -996.2277409652547
  yaw: -94.79529
  pitch: 35.40006
logoutlocation:
  world: world
  x: -222.18456088579825
  y: 111.0
  z: -1083.4106235720728
  yaw: 171.89978
  pitch: 6.6001062
afk: true
homes:
  home:
    world: world
    x: -545.3821466682045
    y: 67.0
    z: 12038.150986161801
    yaw: -349.44803
    pitch: 52.049816
