lastAccountName: biteyou74
timestamps:
  login: 1604737783421
  logout: 1604736246252
  lastteleport: 1604759262788
ipAddress: 1.160.128.80
lastlocation:
  world: world
  x: -218.70000002533197
  y: 111.0000002
  z: -1098.700000025332
  yaw: 36.14992
  pitch: 56.85003
logoutlocation:
  world: world
  x: 228.00677271063006
  y: 84.62311950595503
  z: 347.522592942284
  yaw: 349.25336
  pitch: 14.249929
afk: false
homes:
  home:
    world: world
    x: -219.7878281610163
    y: 111.0
    z: -1098.642145520334
    yaw: -38.250076
    pitch: 38.399967
