lastAccountName: biteyou74
timestamps:
  login: 1587529809614
  logout: 1587493235947
  lastteleport: 1587400210716
ipAddress: 120.102.191.141
lastlocation:
  world: world
  x: -237.06119445490611
  y: 15.200000047683655
  z: -1110.7229474669584
  yaw: -276.5692
  pitch: 43.94999
logoutlocation:
  world: world
  x: -231.29643115606612
  y: 99.0
  z: -1057.507601162773
  yaw: -322.09338
  pitch: 4.6498923
afk: true
homes:
  home:
    world: world
    x: -545.3821466682045
    y: 67.0
    z: 12038.150986161801
    yaw: -349.44803
    pitch: 52.049816
