lastAccountName: biteyou74
timestamps:
  login: 1590582981495
  logout: 1590571080378
  lastteleport: 1590586121561
ipAddress: 120.102.191.141
lastlocation:
  world: world
  x: -127.95903394145193
  y: 39.5
  z: -959.9919961251782
  yaw: 221.6947
  pitch: 10.049808
logoutlocation:
  world: world
  x: 260.43663770628706
  y: 71.0
  z: 478.9747063205457
  yaw: -57.368896
  pitch: 29.999859
afk: false
homes:
  home:
    world: world
    x: -219.7878281610163
    y: 111.0
    z: -1098.642145520334
    yaw: -38.250076
    pitch: 38.399967
