lastAccountName: biteyou74
timestamps:
  login: 1588254468358
  logout: 1588262686294
  lastteleport: 1588255278570
ipAddress: 120.102.191.141
lastlocation:
  world: world
  x: -194.71637577033863
  y: 79.1373666340043
  z: -1018.6802125977437
  yaw: 56.24655
  pitch: 31.800293
logoutlocation:
  world: world
  x: -232.54068829427356
  y: 84.1875
  z: -982.0250067020357
  yaw: -189.36133
  pitch: 69.29952
afk: false
homes:
  home:
    world: world
    x: -545.3821466682045
    y: 67.0
    z: 12038.150986161801
    yaw: -349.44803
    pitch: 52.049816
