lastAccountName: biteyou74
timestamps:
  login: 1588001854994
  logout: 1587994335388
  lastteleport: 1588004720340
ipAddress: 120.102.191.141
lastlocation:
  world: world_the_end
  x: 1741.7577353870643
  y: 66.5442431629671
  z: -1421.8078030358474
  yaw: 225.55804
  pitch: 15.749932
logoutlocation:
  world: world
  x: -222.99121726172604
  y: 111.0
  z: -1081.6811489718782
  yaw: 61.04071
  pitch: 1.9500242
afk: false
homes:
  home:
    world: world
    x: -545.3821466682045
    y: 67.0
    z: 12038.150986161801
    yaw: -349.44803
    pitch: 52.049816
