lastAccountName: biteyou74
timestamps:
  login: 1589965926614
  logout: 1589966704612
  lastteleport: 1589965949297
ipAddress: 120.102.191.141
lastlocation:
  world: world
  x: 78.69999998807907
  y: 65.0
  z: -1244.0342977188884
  yaw: -122.0408
  pitch: 66.298996
logoutlocation:
  world: world
  x: 784.2387332953722
  y: 71.0
  z: -1750.0219790116398
  yaw: 0.5982971
  pitch: 42.5998
afk: false
homes:
  home:
    world: world
    x: -545.3821466682045
    y: 67.0
    z: 12038.150986161801
    yaw: -349.44803
    pitch: 52.049816
