lastAccountName: biteyou74
timestamps:
  login: 1586675532190
  logout: 1586624227648
  lastteleport: 1586702107483
ipAddress: 120.102.191.141
lastlocation:
  world: world
  x: 229.0643413313343
  y: 63.0
  z: -1059.1124006442278
  yaw: 90.21594
  pitch: 2.8500323
logoutlocation:
  world: world
  x: -234.73309988171545
  y: 105.0
  z: -1066.634461693717
  yaw: -331.10596
  pitch: 15.900279
afk: false
homes:
  home:
    world: world
    x: -141.19418645913834
    y: 90.0
    z: -1093.6147547719586
    yaw: -248.15631
    pitch: -0.44968373
