lastAccountName: biteyou74
timestamps:
  login: 1586710857755
  logout: 1586710820542
  lastteleport: 1586707442980
ipAddress: 39.12.35.167
lastlocation:
  world: world
  x: 304.65501079065143
  y: 63.275125
  z: -1049.2115048220523
  yaw: 267.8397
  pitch: 6.4508977
logoutlocation:
  world: world
  x: 395.8610125881039
  y: 63.0
  z: -1371.2961457282615
  yaw: -92.04562
  pitch: -29.55099
afk: false
homes:
  home:
    world: world
    x: -141.19418645913834
    y: 90.0
    z: -1093.6147547719586
    yaw: -248.15631
    pitch: -0.44968373
