lastAccountName: biteyou74
timestamps:
  login: 1586863559851
  logout: 1586863558156
  lastteleport: 1586800265668
ipAddress: 120.102.191.141
lastlocation:
  world: world
  x: -180.39658441122256
  y: 79.0
  z: -1079.4152503193304
  yaw: -182.15479
  pitch: 14.400483
logoutlocation:
  world: world
  x: -206.15024438361442
  y: 63.54913854522001
  z: -1509.4429832404765
  yaw: 50.258762
  pitch: 8.400232
afk: false
homes:
  home:
    world: world
    x: -141.19418645913834
    y: 90.0
    z: -1093.6147547719586
    yaw: -248.15631
    pitch: -0.44968373
