lastAccountName: biteyou74
timestamps:
  login: 1587703810914
  logout: 1587711818177
  lastteleport: 1587400210716
ipAddress: 120.102.191.141
lastlocation:
  world: world
  x: -807.5308153726501
  y: 9.0
  z: -1052.6966415315123
  yaw: 240.01227
  pitch: 28.202213
logoutlocation:
  world: world
  x: -270.5590453051246
  y: 99.5
  z: -1012.0878788911714
  yaw: 56.88672
  pitch: 7.350001
afk: false
homes:
  home:
    world: world
    x: -545.3821466682045
    y: 67.0
    z: 12038.150986161801
    yaw: -349.44803
    pitch: 52.049816
