lastAccountName: biteyou74
timestamps:
  login: 1591640930055
  logout: 1591641442391
  lastteleport: 1591641035864
ipAddress: 39.13.160.182
lastlocation:
  world: world
  x: -140.43974350548416
  y: 74.0
  z: -999.9581325209673
  yaw: 184.05173
  pitch: 23.850185
logoutlocation:
  world: world
  x: -149.53267395310144
  y: 74.1181568706581
  z: -50.74721440892251
  yaw: 210.23712
  pitch: 26.699255
afk: false
homes:
  home:
    world: world
    x: -219.7878281610163
    y: 111.0
    z: -1098.642145520334
    yaw: -38.250076
    pitch: 38.399967
