lastAccountName: biteyou74
timestamps:
  login: 1589087785670
  logout: 1589091660353
  lastteleport: 1589020393516
ipAddress: 120.102.191.141
lastlocation:
  world: world
  x: -157.91135337379595
  y: 12.419999986886978
  z: -1063.8018167368928
  yaw: 306.08105
  pitch: -4.350377
logoutlocation:
  world: world
  x: -137.24774448880555
  y: 36.0
  z: -969.5476471130277
  yaw: -173.95465
  pitch: 33.89964
afk: false
homes:
  home:
    world: world
    x: -545.3821466682045
    y: 67.0
    z: 12038.150986161801
    yaw: -349.44803
    pitch: 52.049816
