lastAccountName: biteyou74
timestamps:
  login: 1591468197725
  logout: 1591468460888
  lastteleport: 1591468458665
ipAddress: 120.102.191.141
lastlocation:
  world: world
  x: 813.2720269919845
  y: 66.0
  z: -1773.0113480269679
  yaw: -301.94846
  pitch: 24.150175
logoutlocation:
  world: world
  x: -219.5
  y: 111.0
  z: -1098.5
  yaw: -38.250076
  pitch: 38.399967
afk: false
homes:
  home:
    world: world
    x: -219.7878281610163
    y: 111.0
    z: -1098.642145520334
    yaw: -38.250076
    pitch: 38.399967
