lastAccountName: biteyou74
timestamps:
  login: 1588988831315
  logout: 1588990836316
  lastteleport: 1588438537169
ipAddress: 61.230.7.188
lastlocation:
  world: world
  x: 589.426995339582
  y: 58.79571388828669
  z: 825.1754616144243
  yaw: 99.45311
  pitch: -5.400293
logoutlocation:
  world: world
  x: -122.55531282367679
  y: 36.0
  z: -964.6999999880791
  yaw: -215.11719
  pitch: 5.0997086
afk: false
homes:
  home:
    world: world
    x: -545.3821466682045
    y: 67.0
    z: 12038.150986161801
    yaw: -349.44803
    pitch: 52.049816
