lastAccountName: biteyou74
timestamps:
  login: 1589476533605
  logout: 1589480037795
  lastteleport: 1589377745868
ipAddress: 39.11.193.238
lastlocation:
  world: world
  x: -336.9273229549323
  y: 67.0
  z: -1114.3439742497294
  yaw: 196.06851
  pitch: 2.9996777
logoutlocation:
  world: world
  x: -121.1923008943931
  y: 41.0
  z: -959.8587193450563
  yaw: -221.41286
  pitch: -1.3502715
afk: false
homes:
  home:
    world: world
    x: -545.3821466682045
    y: 67.0
    z: 12038.150986161801
    yaw: -349.44803
    pitch: 52.049816
