lastAccountName: biteyou74
timestamps:
  login: 1590598854289
  logout: 1590599048977
  lastteleport: 1590598991861
ipAddress: 110.26.167.143
lastlocation:
  world: world
  x: -261.3367811267825
  y: 84.0
  z: -1063.069737903705
  yaw: -37.35907
  pitch: 34.64976
logoutlocation:
  world: world
  x: 276.26192980196834
  y: 77.0
  z: 511.6065898968541
  yaw: -179.31342
  pitch: 12.59997
afk: false
homes:
  home:
    world: world
    x: -219.7878281610163
    y: 111.0
    z: -1098.642145520334
    yaw: -38.250076
    pitch: 38.399967
