lastAccountName: biteyou74
timestamps:
  login: 1586493939802
  logout: 1586453527140
  lastteleport: 1586450103713
ipAddress: 120.102.191.141
lastlocation:
  world: world
  x: -223.67197935896306
  y: 104.0
  z: -1073.8336879293392
  yaw: 329.31073
  pitch: 30.300344
logoutlocation:
  world: world
  x: -141.3839964852445
  y: 90.0625
  z: -1092.9395315726022
  yaw: 196.51562
  pitch: 13.20018
afk: false
homes:
  home:
    world: world
    x: -141.19418645913834
    y: 90.0
    z: -1093.6147547719586
    yaw: -248.15631
    pitch: -0.44968373
