lastAccountName: biteyou74
timestamps:
  login: 1586883648825
  logout: 1586883622524
  lastteleport: 1586869988597
ipAddress: 39.12.35.167
lastlocation:
  world: world
  x: -225.58373946848127
  y: 104.0
  z: -1064.300000011921
  yaw: -189.77118
  pitch: 45.14996
logoutlocation:
  world: world
  x: -253.71381460453466
  y: 68.74779991327725
  z: -1084.7396036749783
  yaw: 265.9314
  pitch: 63.749977
afk: false
homes:
  home:
    world: world
    x: -141.19418645913834
    y: 90.0
    z: -1093.6147547719586
    yaw: -248.15631
    pitch: -0.44968373
