lastAccountName: biteyou74
timestamps:
  login: 1586797238163
  logout: 1586797221492
  lastteleport: 1586799566067
ipAddress: 39.12.35.167
lastlocation:
  world: world
  x: -242.9655284522838
  y: 88.54191209219063
  z: -1370.3179973195183
  yaw: 223.73546
  pitch: 8.401127
logoutlocation:
  world: world
  x: -100.45585744415786
  y: 13.0
  z: -1121.5121274123778
  yaw: -131.24146
  pitch: -16.799774
afk: false
homes:
  home:
    world: world
    x: -141.19418645913834
    y: 90.0
    z: -1093.6147547719586
    yaw: -248.15631
    pitch: -0.44968373
