lastAccountName: biteyou74
timestamps:
  login: 1590854355143
  logout: 1590856342594
  lastteleport: 1590856039730
ipAddress: 111.251.71.48
lastlocation:
  world: world
  x: -215.98750001192093
  y: 105.5
  z: -1070.6367728621972
  yaw: 296.1008
  pitch: 19.950117
logoutlocation:
  world: world
  x: 509.9784238294379
  y: 63.0
  z: 399.86388924868766
  yaw: -3.0620728
  pitch: -5.550017
afk: false
homes:
  home:
    world: world
    x: -219.7878281610163
    y: 111.0
    z: -1098.642145520334
    yaw: -38.250076
    pitch: 38.399967
