lastAccountName: biteyou74
timestamps:
  login: 1604718397258
  logout: 1604717065212
  lastteleport: 1604723403288
ipAddress: 1.160.128.80
lastlocation:
  world: world
  x: 480.9192615827476
  y: 103.64023957053692
  z: 530.9597174188257
  yaw: -257.0078
  pitch: 34.950222
logoutlocation:
  world: world
  x: -220.70549387393248
  y: 105.0
  z: -1091.9014837901618
  yaw: -59.8506
  pitch: -0.75003505
afk: true
homes:
  home:
    world: world
    x: -219.7878281610163
    y: 111.0
    z: -1098.642145520334
    yaw: -38.250076
    pitch: 38.399967
