lastAccountName: biteyou74
timestamps:
  login: 1591035372798
  logout: 1591036816259
  lastteleport: 1590927418090
ipAddress: 120.102.191.141
lastlocation:
  world: world
  x: 335.51915512960665
  y: 88.0
  z: 561.7700763785645
  yaw: -266.29224
  pitch: 3.3002267
logoutlocation:
  world: world
  x: -222.2675764809085
  y: 105.0
  z: -1096.9493195491948
  yaw: -199.95023
  pitch: 12.149935
afk: false
homes:
  home:
    world: world
    x: -219.7878281610163
    y: 111.0
    z: -1098.642145520334
    yaw: -38.250076
    pitch: 38.399967
