lastAccountName: biteyou74
timestamps:
  login: 1588681516253
  logout: 1588614103759
  lastteleport: 1588438537169
ipAddress: 120.102.191.141
lastlocation:
  world: world
  x: 589.426995339582
  y: 58.79571388828669
  z: 825.1754616144243
  yaw: 99.45311
  pitch: -5.400293
logoutlocation:
  world: world
  x: -130.2584874681409
  y: 41.0
  z: -989.4839701363956
  yaw: 66.81894
  pitch: 29.400192
afk: false
homes:
  home:
    world: world
    x: -545.3821466682045
    y: 67.0
    z: 12038.150986161801
    yaw: -349.44803
    pitch: 52.049816
