lastAccountName: biteyou74
timestamps:
  login: 1588953222681
  logout: 1588963308245
  lastteleport: 1588438537169
ipAddress: 61.230.7.188
lastlocation:
  world: world
  x: 589.426995339582
  y: 58.79571388828669
  z: 825.1754616144243
  yaw: 99.45311
  pitch: -5.400293
logoutlocation:
  world: world
  x: -118.7344474139579
  y: 41.0
  z: -985.1716749555866
  yaw: 42.440918
  pitch: 12.749644
afk: false
homes:
  home:
    world: world
    x: -545.3821466682045
    y: 67.0
    z: 12038.150986161801
    yaw: -349.44803
    pitch: 52.049816
