lastAccountName: biteyou74
timestamps:
  login: 1590822821981
  logout: 1590773422202
  lastteleport: 1590835075528
ipAddress: 111.251.71.48
lastlocation:
  world: world
  x: -225.49961471809846
  y: 12.200000047683716
  z: -954.472714830847
  yaw: 184.80011
  pitch: 10.199974
logoutlocation:
  world: world
  x: 320.7747319746216
  y: 89.0
  z: 536.9875099161482
  yaw: -248.34021
  pitch: 8.849997
afk: false
homes:
  home:
    world: world
    x: -219.7878281610163
    y: 111.0
    z: -1098.642145520334
    yaw: -38.250076
    pitch: 38.399967
