lastAccountName: biteyou74
timestamps:
  login: 1590428709612
  logout: 1590429194706
  lastteleport: 1590339560352
ipAddress: 110.26.167.143
lastlocation:
  world: world
  x: -545.5022171800936
  y: 67.0
  z: 12038.289913799075
  yaw: -92.79868
  pitch: 80.099976
logoutlocation:
  world: world
  x: -534.0494432166856
  y: 69.11650136792812
  z: -1568.011954627304
  yaw: 235.21454
  pitch: 20.250006
afk: false
homes:
  home:
    world: world
    x: -545.3821466682045
    y: 67.0
    z: 12038.150986161801
    yaw: -349.44803
    pitch: 52.049816
