lastAccountName: biteyou74
timestamps:
  login: 1587618038009
  logout: 1587582250767
  lastteleport: 1587400210716
ipAddress: 120.102.191.141
lastlocation:
  world: world
  x: -304.57528148761
  y: 75.71518814434357
  z: -958.730640275959
  yaw: -225.50073
  pitch: 60.449768
logoutlocation:
  world: world
  x: -234.312487632799
  y: 104.0
  z: -1071.0339635576402
  yaw: -318.3374
  pitch: 6.59991
afk: true
homes:
  home:
    world: world
    x: -545.3821466682045
    y: 67.0
    z: 12038.150986161801
    yaw: -349.44803
    pitch: 52.049816
