lastAccountName: biteyou74
timestamps:
  login: 1587922912199
  logout: 1587924242633
  lastteleport: 1587400210716
ipAddress: 27.247.44.109
lastlocation:
  world: world
  x: -807.5308153726501
  y: 9.0
  z: -1052.6966415315123
  yaw: 240.01227
  pitch: 28.202213
logoutlocation:
  world: world
  x: -330.2769978578152
  y: 78.0
  z: -981.5575094849875
  yaw: 268.79248
  pitch: 30.450197
afk: false
homes:
  home:
    world: world
    x: -545.3821466682045
    y: 67.0
    z: 12038.150986161801
    yaw: -349.44803
    pitch: 52.049816
