lastAccountName: biteyou74
timestamps:
  login: 1587618038009
  logout: 1587582250767
  lastteleport: 1587400210716
ipAddress: 120.102.191.141
lastlocation:
  world: world
  x: -309.5856489563194
  y: 78.85646961866446
  z: -991.5471581556585
  yaw: -164.61017
  pitch: 24.299828
logoutlocation:
  world: world
  x: -234.312487632799
  y: 104.0
  z: -1071.0339635576402
  yaw: -318.3374
  pitch: 6.59991
afk: false
homes:
  home:
    world: world
    x: -545.3821466682045
    y: 67.0
    z: 12038.150986161801
    yaw: -349.44803
    pitch: 52.049816
