lastAccountName: biteyou74
timestamps:
  login: 1586755839758
  logout: 1586722848391
  lastteleport: 1586712201062
ipAddress: 120.102.191.141
lastlocation:
  world: world
  x: -220.5545240296434
  y: 111.0
  z: -1058.9074950868994
  yaw: -8.549802
  pitch: 35.3999
logoutlocation:
  world: world
  x: -175.2810730501223
  y: 79.0
  z: -1066.8737616979001
  yaw: -77.2865
  pitch: -16.349659
afk: false
homes:
  home:
    world: world
    x: -141.19418645913834
    y: 90.0
    z: -1093.6147547719586
    yaw: -248.15631
    pitch: -0.44968373
