lastAccountName: biteyou74
timestamps:
  login: 1586710857755
  logout: 1586710820542
  lastteleport: 1586712201062
ipAddress: 39.12.35.167
lastlocation:
  world: world
  x: -220.5545240296434
  y: 111.0
  z: -1058.9074950868994
  yaw: -8.549802
  pitch: 35.3999
logoutlocation:
  world: world
  x: 395.8610125881039
  y: 63.0
  z: -1371.2961457282615
  yaw: -92.04562
  pitch: -29.55099
afk: false
homes:
  home:
    world: world
    x: -141.19418645913834
    y: 90.0
    z: -1093.6147547719586
    yaw: -248.15631
    pitch: -0.44968373
