lastAccountName: biteyou74
timestamps:
  login: 1587358062937
  logout: 1587326904797
  lastteleport: 1587320642976
ipAddress: 120.102.191.141
lastlocation:
  world: world
  x: -545.3821466682045
  y: 67.0
  z: 12038.150986161801
  yaw: -290.49796
  pitch: 14.6998005
logoutlocation:
  world: world
  x: -211.62816333119775
  y: 89.0
  z: -1042.6580136871678
  yaw: 246.95459
  pitch: 19.950134
afk: true
homes:
  home:
    world: world
    x: -545.3821466682045
    y: 67.0
    z: 12038.150986161801
    yaw: -349.44803
    pitch: 52.049816
