lastAccountName: biteyou74
timestamps:
  login: 1590906162284
  logout: 1590906858313
  lastteleport: 1590906818077
ipAddress: 111.251.71.48
lastlocation:
  world: world
  x: 597.4092233462386
  y: 65.0
  z: 787.5028857440604
  yaw: 173.49255
  pitch: 11.849904
logoutlocation:
  world: world
  x: -218.70000002533197
  y: 111.0000002
  z: -1098.700000025332
  yaw: 50.09994
  pitch: 49.350014
afk: false
homes:
  home:
    world: world
    x: -219.7878281610163
    y: 111.0
    z: -1098.642145520334
    yaw: -38.250076
    pitch: 38.399967
