lastAccountName: biteyou74
timestamps:
  login: 1586972228728
  logout: 1586967007648
  lastteleport: 1586972496556
ipAddress: 110.28.70.240
lastlocation:
  world: world
  x: -218.5
  y: 111.0000002
  z: -1098.5
  yaw: -38.84999
  pitch: 41.40002
logoutlocation:
  world: world
  x: -221.58876692753455
  y: 105.0
  z: -1080.5589694236348
  yaw: 177.56122
  pitch: 16.950178
afk: false
homes:
  home:
    world: world
    x: -141.19418645913834
    y: 90.0
    z: -1093.6147547719586
    yaw: -248.15631
    pitch: -0.44968373
