lastAccountName: biteyou74
timestamps:
  login: 1605188015350
  logout: 1605191580452
  lastteleport: 1605103180788
ipAddress: 111.241.135.84
lastlocation:
  world: world
  x: -218.70000002533197
  y: 111.0000002
  z: -1098.700000025332
  yaw: 33.599915
  pitch: 32.99998
logoutlocation:
  world: world
  x: 222.42114659795595
  y: 93.22686044256474
  z: 334.78599281527596
  yaw: 322.83005
  pitch: 37.49987
afk: false
homes:
  home:
    world: world
    x: -219.7878281610163
    y: 111.0
    z: -1098.642145520334
    yaw: -38.250076
    pitch: 38.399967
