lastAccountName: biteyou74
timestamps:
  login: 1587282566699
  logout: 1587282526148
  lastteleport: 1587285167361
ipAddress: 120.102.191.141
lastlocation:
  world: world
  x: 2757.2271911012263
  y: 64.0
  z: -1479.985638266793
  yaw: 169.89162
  pitch: 28.949942
logoutlocation:
  world: world
  x: -234.69999998807907
  y: 106.0
  z: -1075.5748052809643
  yaw: 357.00806
  pitch: 4.8000355
afk: false
homes:
  home:
    world: world
    x: -141.19418645913834
    y: 90.0
    z: -1093.6147547719586
    yaw: -248.15631
    pitch: -0.44968373
