lastAccountName: biteyou74
timestamps:
  login: 1589017965639
  logout: 1588990836316
  lastteleport: 1589020393516
ipAddress: 120.102.191.141
lastlocation:
  world: world
  x: -157.91135337379595
  y: 12.419999986886978
  z: -1063.8018167368928
  yaw: 306.08105
  pitch: -4.350377
logoutlocation:
  world: world
  x: -122.55531282367679
  y: 36.0
  z: -964.6999999880791
  yaw: -215.11719
  pitch: 5.0997086
afk: true
homes:
  home:
    world: world
    x: -545.3821466682045
    y: 67.0
    z: 12038.150986161801
    yaw: -349.44803
    pitch: 52.049816
