lastAccountName: biteyou74
timestamps:
  login: 1588871256415
  logout: 1588871289125
  lastteleport: 1588438537169
ipAddress: 27.247.202.41
lastlocation:
  world: world
  x: 589.426995339582
  y: 58.79571388828669
  z: 825.1754616144243
  yaw: 99.45311
  pitch: -5.400293
logoutlocation:
  world: world
  x: -127.67030540553029
  y: 36.0
  z: -970.5777459222282
  yaw: 127.12387
  pitch: 14.249815
afk: false
homes:
  home:
    world: world
    x: -545.3821466682045
    y: 67.0
    z: 12038.150986161801
    yaw: -349.44803
    pitch: 52.049816
