lastAccountName: biteyou74
timestamps:
  login: 1586522381711
  logout: 1586501370573
  lastteleport: 1586500026095
ipAddress: 36.230.75.242
lastlocation:
  world: world
  x: -239.1762057226792
  y: 12.0
  z: -1254.3438257550897
  yaw: 267.4563
  pitch: 13.500336
logoutlocation:
  world: world
  x: -178.2365513489356
  y: 78.0
  z: -1009.274545398664
  yaw: 162.51045
  pitch: -26.400036
afk: false
homes:
  home:
    world: world
    x: -141.19418645913834
    y: 90.0
    z: -1093.6147547719586
    yaw: -248.15631
    pitch: -0.44968373
