lastAccountName: biteyou74
timestamps:
  login: 1588006861175
  logout: 1588008307515
  lastteleport: 1588006084840
ipAddress: 27.247.44.109
lastlocation:
  world: world
  x: -318.55510760745415
  y: 77.99390748022948
  z: -980.9286601616845
  yaw: 89.052185
  pitch: 33.89998
logoutlocation:
  world: world
  x: -222.18456088579825
  y: 111.0
  z: -1083.4106235720728
  yaw: 171.89978
  pitch: 6.6001062
afk: false
homes:
  home:
    world: world
    x: -545.3821466682045
    y: 67.0
    z: 12038.150986161801
    yaw: -349.44803
    pitch: 52.049816
