lastAccountName: biteyou74
timestamps:
  login: 1588438353976
  logout: 1588439036789
  lastteleport: 1588438537169
ipAddress: 27.247.44.109
lastlocation:
  world: world
  x: 589.426995339582
  y: 58.79571388828669
  z: 825.1754616144243
  yaw: 99.45311
  pitch: -5.400293
logoutlocation:
  world: world
  x: -219.13079833596768
  y: 104.0
  z: -1070.979551582099
  yaw: -157.23853
  pitch: 16.349781
afk: false
homes:
  home:
    world: world
    x: -545.3821466682045
    y: 67.0
    z: 12038.150986161801
    yaw: -349.44803
    pitch: 52.049816
