lastAccountName: biteyou74
timestamps:
  login: 1590653499305
  logout: 1590653752323
  lastteleport: 1590653749187
ipAddress: 120.102.191.141
lastlocation:
  world: world
  x: 752.5265784050042
  y: 63.0
  z: -1747.309428715729
  yaw: -78.77339
  pitch: 49.050545
logoutlocation:
  world: world
  x: -219.5
  y: 111.0
  z: -1098.5
  yaw: -35.850075
  pitch: 43.499992
afk: false
homes:
  home:
    world: world
    x: -219.7878281610163
    y: 111.0
    z: -1098.642145520334
    yaw: -38.250076
    pitch: 38.399967
