lastAccountName: biteyou74
timestamps:
  login: 1587287058990
  logout: 1587286981812
  lastteleport: 1587289319197
ipAddress: 120.102.191.141
lastlocation:
  world: world
  x: -223.5877850837517
  y: 102.5
  z: -1030.1289413360257
  yaw: -178.588
  pitch: 20.24996
logoutlocation:
  world: world
  x: -154.69999998807907
  y: 69.0
  z: -1031.699999988079
  yaw: 97.45337
  pitch: 20.250082
afk: false
homes:
  home:
    world: world
    x: -141.19418645913834
    y: 90.0
    z: -1093.6147547719586
    yaw: -248.15631
    pitch: -0.44968373
