lastAccountName: biteyou74
timestamps:
  login: 1605017407910
  logout: 1605017066955
  lastteleport: 1605018498788
ipAddress: 111.241.135.84
lastlocation:
  world: world
  x: -164.95063434584176
  y: 89.0
  z: -1063.718551980858
  yaw: 343.9499
  pitch: 39.149895
logoutlocation:
  world: world
  x: 201.1704236100814
  y: 67.0
  z: 352.9677201596918
  yaw: 305.72266
  pitch: 18.450003
afk: false
homes:
  home:
    world: world
    x: -219.7878281610163
    y: 111.0
    z: -1098.642145520334
    yaw: -38.250076
    pitch: 38.399967
