lastAccountName: biteyou74
timestamps:
  login: 1590564594897
  logout: 1590483135351
  lastteleport: 1590565374812
ipAddress: 120.102.191.141
lastlocation:
  world: world
  x: -223.89045382048877
  y: 104.0
  z: -1089.7699100250884
  yaw: -353.69968
  pitch: 20.55005
logoutlocation:
  world: world
  x: 299.8765648015688
  y: 69.0
  z: 451.75124286281846
  yaw: 171.64563
  pitch: 15.450054
afk: false
homes:
  home:
    world: world
    x: -219.7878281610163
    y: 111.0
    z: -1098.642145520334
    yaw: -38.250076
    pitch: 38.399967
