lastAccountName: biteyou74
timestamps:
  login: 1604737783421
  logout: 1604762536562
  lastteleport: 1604760244488
ipAddress: 1.160.128.80
lastlocation:
  world: world
  x: -220.88309932350015
  y: 105.0
  z: -1094.3392478153876
  yaw: -203.10114
  pitch: 15.300034
logoutlocation:
  world: world
  x: 183.87008298226453
  y: 97.28260623730073
  z: 364.72362331186065
  yaw: -41.76953
  pitch: 24.600487
afk: false
homes:
  home:
    world: world
    x: -219.7878281610163
    y: 111.0
    z: -1098.642145520334
    yaw: -38.250076
    pitch: 38.399967
