lastAccountName: biteyou74
timestamps:
  login: 1605442473711
  logout: 1605419821602
  lastteleport: 1605443870088
ipAddress: 36.230.79.239
lastlocation:
  world: world
  x: -221.87051602207086
  y: 106.11650136792812
  z: -1082.8313517712807
  yaw: 207.15002
  pitch: 17.999985
logoutlocation:
  world: world
  x: 211.67785121683846
  y: 65.0
  z: 341.71502231807506
  yaw: -12.4887495
  pitch: 10.650687
afk: false
homes:
  home:
    world: world
    x: -219.7878281610163
    y: 111.0
    z: -1098.642145520334
    yaw: -38.250076
    pitch: 38.399967
