lastAccountName: biteyou74
timestamps:
  login: 1587226293045
  logout: 1587236910421
  lastteleport: 1587234550945
ipAddress: 27.247.44.109
lastlocation:
  world: world
  x: 199.06771879592029
  y: 78.65760187714001
  z: 1640.7592143792501
  yaw: -164.77039
  pitch: -21.899757
logoutlocation:
  world: world
  x: -220.34194791744144
  y: 104.0
  z: -1081.480850728571
  yaw: -1.7105713
  pitch: 9.449726
afk: false
homes:
  home:
    world: world
    x: -141.19418645913834
    y: 90.0
    z: -1093.6147547719586
    yaw: -248.15631
    pitch: -0.44968373
