lastAccountName: biteyou74
timestamps:
  login: 1605333529101
  logout: 1605334075600
  lastteleport: 1605333976738
ipAddress: 36.230.79.239
lastlocation:
  world: world
  x: -220.43064527449027
  y: 104.0
  z: -1080.5422141013296
  yaw: 10.199818
  pitch: -28.050028
logoutlocation:
  world: world
  x: 259.5744777194008
  y: 62.0
  z: 318.34632467578376
  yaw: -12.273376
  pitch: 1.049853
afk: false
homes:
  home:
    world: world
    x: -219.7878281610163
    y: 111.0
    z: -1098.642145520334
    yaw: -38.250076
    pitch: 38.399967
