lastAccountName: biteyou74
timestamps:
  login: 1586705459986
  logout: 1586704124764
  lastteleport: 1586703310438
ipAddress: 120.102.191.141
lastlocation:
  world: world
  x: 197.28264086058647
  y: 62.0
  z: -1060.34198516696
  yaw: -268.90207
  pitch: 3.1492245
logoutlocation:
  world: world
  x: 188.19589564867707
  y: 63.0
  z: -1062.4079016550627
  yaw: 91.67398
  pitch: 24.749971
afk: false
homes:
  home:
    world: world
    x: -141.19418645913834
    y: 90.0
    z: -1093.6147547719586
    yaw: -248.15631
    pitch: -0.44968373
