lastAccountName: biteyou74
timestamps:
  login: 1587187727550
  logout: 1587162861575
  lastteleport: 1587207790300
ipAddress: 120.102.191.141
lastlocation:
  world: world
  x: -178.33473103553334
  y: 85.62067207684076
  z: -1052.1223615825884
  yaw: 314.21313
  pitch: -5.5507646
logoutlocation:
  world: world
  x: -232.7861339654427
  y: 85.5
  z: -1035.772795304163
  yaw: 356.66846
  pitch: 11.403654
afk: false
homes:
  home:
    world: world
    x: -141.19418645913834
    y: 90.0
    z: -1093.6147547719586
    yaw: -248.15631
    pitch: -0.44968373
