lastAccountName: biteyou74
timestamps:
  login: 1604935130109
  logout: 1604935805953
  lastteleport: 1604934334338
ipAddress: 118.167.119.233
lastlocation:
  world: world
  x: -220.69999998807907
  y: 104.0
  z: -1091.0589956392862
  yaw: -130.94945
  pitch: -7.349809
logoutlocation:
  world: world
  x: 306.4756377252278
  y: 68.0
  z: 444.9206695773748
  yaw: -165.46155
  pitch: 10.199821
afk: false
homes:
  home:
    world: world
    x: -219.7878281610163
    y: 111.0
    z: -1098.642145520334
    yaw: -38.250076
    pitch: 38.399967
