lastAccountName: biteyou74
timestamps:
  login: 1588093957451
  logout: 1588100543187
  lastteleport: 1588006084840
ipAddress: 27.247.44.109
lastlocation:
  world: world
  x: -298.29580341038655
  y: 76.0
  z: -996.2277409652547
  yaw: -94.79529
  pitch: 35.40006
logoutlocation:
  world: world
  x: -222.94833513906093
  y: 105.0
  z: -1080.3461018180437
  yaw: -162.09857
  pitch: 4.199749
afk: false
homes:
  home:
    world: world
    x: -545.3821466682045
    y: 67.0
    z: 12038.150986161801
    yaw: -349.44803
    pitch: 52.049816
