lastAccountName: biteyou74
timestamps:
  login: 1586447001699
  logout: 1586446719103
  lastteleport: 1586446394592
ipAddress: 39.12.35.167
lastlocation:
  world: world_nether
  x: 75.49481621091067
  y: 78.0
  z: -57.354894741934785
  yaw: 294.7906
  pitch: 17.55033
logoutlocation:
  world: world
  x: -152.71288115602331
  y: 79.0
  z: -1096.082164357741
  yaw: -160.84479
  pitch: 56.099915
afk: false
homes:
  home:
    world: world
    x: -141.19418645913834
    y: 90.0
    z: -1093.6147547719586
    yaw: -248.15631
    pitch: -0.44968373
