lastAccountName: biteyou74
timestamps:
  login: 1586675532190
  logout: 1586624227648
  lastteleport: 1586684900146
ipAddress: 120.102.191.141
lastlocation:
  world: world
  x: -214.25243788781768
  y: 99.0
  z: -1059.9290056700847
  yaw: 233.10815
  pitch: 12.149972
logoutlocation:
  world: world
  x: -234.73309988171545
  y: 105.0
  z: -1066.634461693717
  yaw: -331.10596
  pitch: 15.900279
afk: false
homes:
  home:
    world: world
    x: -141.19418645913834
    y: 90.0
    z: -1093.6147547719586
    yaw: -248.15631
    pitch: -0.44968373
