lastAccountName: biteyou74
timestamps:
  login: 1587574826570
  logout: 1587582250767
  lastteleport: 1587400210716
ipAddress: 27.247.44.109
lastlocation:
  world: world
  x: -282.33331673230396
  y: 76.0
  z: -1055.4821291465091
  yaw: -119.56703
  pitch: 36.301132
logoutlocation:
  world: world
  x: -234.312487632799
  y: 104.0
  z: -1071.0339635576402
  yaw: -318.3374
  pitch: 6.59991
afk: false
homes:
  home:
    world: world
    x: -545.3821466682045
    y: 67.0
    z: 12038.150986161801
    yaw: -349.44803
    pitch: 52.049816
