lastAccountName: biteyou74
timestamps:
  login: 1605274153060
  logout: 1605274614999
  lastteleport: 1605103180788
ipAddress: 111.241.135.84
lastlocation:
  world: world
  x: -218.70000002533197
  y: 111.0000002
  z: -1098.700000025332
  yaw: 33.599915
  pitch: 32.99998
logoutlocation:
  world: world
  x: 237.40351897240814
  y: 87.0
  z: 391.80704975724336
  yaw: 179.13025
  pitch: 24.749573
afk: false
homes:
  home:
    world: world
    x: -219.7878281610163
    y: 111.0
    z: -1098.642145520334
    yaw: -38.250076
    pitch: 38.399967
