lastAccountName: biteyou74
timestamps:
  login: 1590924031903
  logout: 1590927425121
  lastteleport: 1590927418090
ipAddress: 120.102.191.141
lastlocation:
  world: world
  x: 335.51915512960665
  y: 88.0
  z: 561.7700763785645
  yaw: -266.29224
  pitch: 3.3002267
logoutlocation:
  world: world
  x: -219.50871627164037
  y: 111.1875
  z: -1098.0735317645272
  yaw: 2.549942
  pitch: 73.650085
afk: false
homes:
  home:
    world: world
    x: -219.7878281610163
    y: 111.0
    z: -1098.642145520334
    yaw: -38.250076
    pitch: 38.399967
