lastAccountName: biteyou74
timestamps:
  login: 1604578343949
  logout: 1604579601054
  lastteleport: 1604579341738
ipAddress: 1.160.128.80
lastlocation:
  world: world
  x: -219.5
  y: 111.0
  z: -1098.5
  yaw: -43.650085
  pitch: 39.299973
logoutlocation:
  world: world
  x: 538.1726515254402
  y: 91.36813605490349
  z: 420.3953724248549
  yaw: 17.920593
  pitch: 15.600235
afk: false
homes:
  home:
    world: world
    x: -219.7878281610163
    y: 111.0
    z: -1098.642145520334
    yaw: -38.250076
    pitch: 38.399967
