lastAccountName: biteyou74
timestamps:
  login: 1586960817177
  logout: 1586967007648
  lastteleport: 1586869988597
ipAddress: 120.102.191.141
lastlocation:
  world: world
  x: -225.58373946848127
  y: 104.0
  z: -1064.300000011921
  yaw: -189.77118
  pitch: 45.14996
logoutlocation:
  world: world
  x: -221.58876692753455
  y: 105.0
  z: -1080.5589694236348
  yaw: 177.56122
  pitch: 16.950178
afk: false
homes:
  home:
    world: world
    x: -141.19418645913834
    y: 90.0
    z: -1093.6147547719586
    yaw: -248.15631
    pitch: -0.44968373
