lastAccountName: biteyou74
timestamps:
  login: 1587143088989
  logout: 1587140320266
  lastteleport: 1587116891691
ipAddress: 27.247.44.109
lastlocation:
  world: world
  x: 540.3278817775696
  y: 68.25556256525581
  z: -226.81013215059016
  yaw: 106.884926
  pitch: 26.700117
logoutlocation:
  world: world
  x: -210.21082384466754
  y: 89.0
  z: -1044.0032944067418
  yaw: -88.32495
  pitch: 57.6001
afk: false
homes:
  home:
    world: world
    x: -141.19418645913834
    y: 90.0
    z: -1093.6147547719586
    yaw: -248.15631
    pitch: -0.44968373
