lastAccountName: biteyou74
timestamps:
  login: 1586795727118
  logout: 1586794562205
  lastteleport: 1586789424066
ipAddress: 120.102.191.141
lastlocation:
  world: world
  x: -243.8935682297142
  y: 69.0
  z: -1290.8524795482645
  yaw: 0.71087646
  pitch: 30.2999
logoutlocation:
  world: world
  x: -218.60446520195381
  y: 104.0
  z: -1073.2042569380667
  yaw: 168.72314
  pitch: -0.450898
afk: false
homes:
  home:
    world: world
    x: -141.19418645913834
    y: 90.0
    z: -1093.6147547719586
    yaw: -248.15631
    pitch: -0.44968373
