lastAccountName: biteyou74
timestamps:
  login: 1586423748440
  logout: 1586423657473
ipAddress: 39.12.35.167
lastlocation:
  world: world
  x: 212.0
  y: 65.0
  z: 271.0
  yaw: 0.0
  pitch: 0.0
logoutlocation:
  world: world
  x: 223.64086384954587
  y: 72.0
  z: 350.83097237972515
  yaw: -322.76825
  pitch: -51.300095
afk: false
homes:
  home:
    world: world
    x: -224.65996414880976
    y: 111.0
    z: -1068.8847657687843
    yaw: 258.56763
    pitch: 16.500307
