lastAccountName: biteyou74
timestamps:
  login: 1586755839758
  logout: 1586722848391
  lastteleport: 1586712201062
ipAddress: 120.102.191.141
lastlocation:
  world: world
  x: -228.69999998807907
  y: 104.0
  z: -1065.699999988079
  yaw: 181.19592
  pitch: 10.049537
logoutlocation:
  world: world
  x: -175.2810730501223
  y: 79.0
  z: -1066.8737616979001
  yaw: -77.2865
  pitch: -16.349659
afk: false
homes:
  home:
    world: world
    x: -141.19418645913834
    y: 90.0
    z: -1093.6147547719586
    yaw: -248.15631
    pitch: -0.44968373
