lastAccountName: biteyou74
timestamps:
  login: 1590390201561
  logout: 1590390381453
  lastteleport: 1590339560352
ipAddress: 120.102.191.141
lastlocation:
  world: world
  x: -545.5022171800936
  y: 67.0
  z: 12038.289913799075
  yaw: -92.79868
  pitch: 80.099976
logoutlocation:
  world: world
  x: -480.58866868959126
  y: 72.06053366692383
  z: -1483.427750123786
  yaw: -100.04535
  pitch: 23.39998
afk: false
homes:
  home:
    world: world
    x: -545.3821466682045
    y: 67.0
    z: 12038.150986161801
    yaw: -349.44803
    pitch: 52.049816
