lastAccountName: biteyou74
timestamps:
  login: 1590337662434
  logout: 1589966704612
  lastteleport: 1590338267752
ipAddress: 120.102.191.141
lastlocation:
  world: world
  x: 772.1757764560157
  y: 70.86250121603175
  z: -1739.3457918998188
  yaw: -118.176605
  pitch: 25.95014
logoutlocation:
  world: world
  x: 784.2387332953722
  y: 71.0
  z: -1750.0219790116398
  yaw: 0.5982971
  pitch: 42.5998
afk: false
homes:
  home:
    world: world
    x: -545.3821466682045
    y: 67.0
    z: 12038.150986161801
    yaw: -349.44803
    pitch: 52.049816
