lastAccountName: biteyou74
timestamps:
  login: 1590822821981
  logout: 1590849380906
  lastteleport: 1590849375380
ipAddress: 111.251.71.48
lastlocation:
  world: world
  x: 516.7256760848095
  y: 76.80792490436065
  z: 420.2514330379954
  yaw: -5.403347
  pitch: 18.449944
logoutlocation:
  world: world
  x: -219.5
  y: 111.0
  z: -1098.5
  yaw: -38.250076
  pitch: 38.399967
afk: false
homes:
  home:
    world: world
    x: -219.7878281610163
    y: 111.0
    z: -1098.642145520334
    yaw: -38.250076
    pitch: 38.399967
