lastAccountName: biteyou74
timestamps:
  login: 1589377692483
  logout: 1589380081557
  lastteleport: 1589377745868
ipAddress: 120.102.191.141
lastlocation:
  world: world
  x: -144.6379817534463
  y: 121.65767136311594
  z: -990.7430432301647
  yaw: 101.09025
  pitch: 54.749832
logoutlocation:
  world: world
  x: -160.4430869089988
  y: 76.5
  z: -1000.8654475764888
  yaw: 318.95105
  pitch: 40.199707
afk: false
homes:
  home:
    world: world
    x: -545.3821466682045
    y: 67.0
    z: 12038.150986161801
    yaw: -349.44803
    pitch: 52.049816
