lastAccountName: biteyou74
timestamps:
  login: 1605009791756
  logout: 1605011062553
  lastteleport: 1604934334338
ipAddress: 111.241.135.84
lastlocation:
  world: world
  x: -220.69999998807907
  y: 104.0
  z: -1091.0589956392862
  yaw: -130.94945
  pitch: -7.349809
logoutlocation:
  world: world
  x: 256.1076436972933
  y: 69.0
  z: 359.1750025094454
  yaw: 318.02188
  pitch: -4.349684
afk: false
homes:
  home:
    world: world
    x: -219.7878281610163
    y: 111.0
    z: -1098.642145520334
    yaw: -38.250076
    pitch: 38.399967
