lastAccountName: biteyou74
timestamps:
  login: 1587028414341
  logout: 1587028388440
  lastteleport: 1587031224699
ipAddress: 120.102.191.141
lastlocation:
  world: world
  x: 445.1954060399924
  y: 66.0
  z: -546.5725256529731
  yaw: -188.95941
  pitch: 2.9994411
logoutlocation:
  world: world
  x: -100.70988456266254
  y: 13.0
  z: -1122.1828617749138
  yaw: 254.37729
  pitch: -12.750777
afk: true
homes:
  home:
    world: world
    x: -141.19418645913834
    y: 90.0
    z: -1093.6147547719586
    yaw: -248.15631
    pitch: -0.44968373
