lastAccountName: biteyou74
timestamps:
  login: 1588494789930
  logout: 1588494865215
  lastteleport: 1588438537169
ipAddress: 120.102.191.141
lastlocation:
  world: world
  x: 589.426995339582
  y: 58.79571388828669
  z: 825.1754616144243
  yaw: 99.45311
  pitch: -5.400293
logoutlocation:
  world: world
  x: -138.9587110373059
  y: 64.0
  z: -977.8502779243737
  yaw: -58.989708
  pitch: 20.850042
afk: false
homes:
  home:
    world: world
    x: -545.3821466682045
    y: 67.0
    z: 12038.150986161801
    yaw: -349.44803
    pitch: 52.049816
