lastAccountName: biteyou74
timestamps:
  login: 1596974632906
  logout: 1596974831018
  lastteleport: 1596974708747
ipAddress: 1.160.47.183
lastlocation:
  world: world
  x: 769.8248807518597
  y: 29.31584759593221
  z: -1743.1253566501962
  yaw: 25.391968
  pitch: 12.306157
logoutlocation:
  world: world
  x: -132.3828975559512
  y: 41.0
  z: -960.7789669450417
  yaw: 162.60272
  pitch: 12.149614
afk: false
homes:
  home:
    world: world
    x: -219.7878281610163
    y: 111.0
    z: -1098.642145520334
    yaw: -38.250076
    pitch: 38.399967
