lastAccountName: biteyou74
timestamps:
  login: 1587028414341
  logout: 1587028388440
  lastteleport: 1587026948598
ipAddress: 120.102.191.141
lastlocation:
  world: world
  x: -222.69999998807907
  y: 111.0625
  z: -1095.0129348864598
  yaw: -7.649529
  pitch: 27.45001
logoutlocation:
  world: world
  x: -100.70988456266254
  y: 13.0
  z: -1122.1828617749138
  yaw: 254.37729
  pitch: -12.750777
afk: false
homes:
  home:
    world: world
    x: -141.19418645913834
    y: 90.0
    z: -1093.6147547719586
    yaw: -248.15631
    pitch: -0.44968373
