lastAccountName: biteyou74
timestamps:
  login: 1587784725833
  logout: 1587754684032
  lastteleport: 1587400210716
ipAddress: 1.160.51.193
lastlocation:
  world: world
  x: -807.5308153726501
  y: 9.0
  z: -1052.6966415315123
  yaw: 240.01227
  pitch: 28.202213
logoutlocation:
  world: world
  x: -354.472997309915
  y: 89.0
  z: -980.3372460247964
  yaw: 257.67297
  pitch: -2.8501313
afk: false
homes:
  home:
    world: world
    x: -545.3821466682045
    y: 67.0
    z: 12038.150986161801
    yaw: -349.44803
    pitch: 52.049816
