lastAccountName: biteyou74
timestamps:
  login: 1586522381711
  logout: 1586501370573
  lastteleport: 1586524077236
ipAddress: 36.230.75.242
lastlocation:
  world: world_nether
  x: -26.647461708621645
  y: 57.0
  z: 134.85226878001362
  yaw: -330.68423
  pitch: 46.200745
logoutlocation:
  world: world
  x: -178.2365513489356
  y: 78.0
  z: -1009.274545398664
  yaw: 162.51045
  pitch: -26.400036
afk: false
homes:
  home:
    world: world
    x: -141.19418645913834
    y: 90.0
    z: -1093.6147547719586
    yaw: -248.15631
    pitch: -0.44968373
