lastAccountName: biteyou74
timestamps:
  login: 1587884471682
  logout: 1587887262929
  lastteleport: 1587400210716
ipAddress: 120.102.191.141
lastlocation:
  world: world
  x: -807.5308153726501
  y: 9.0
  z: -1052.6966415315123
  yaw: 240.01227
  pitch: 28.202213
logoutlocation:
  world: world
  x: -330.5002657543366
  y: 77.5
  z: -981.4710329008403
  yaw: 272.82153
  pitch: 23.849438
afk: false
homes:
  home:
    world: world
    x: -545.3821466682045
    y: 67.0
    z: 12038.150986161801
    yaw: -349.44803
    pitch: 52.049816
