lastAccountName: biteyou74
timestamps:
  login: 1588352795681
  logout: 1588310770782
  lastteleport: 1588255278570
ipAddress: 27.247.44.109
lastlocation:
  world: world
  x: -115.42037360452949
  y: 44.200000047683716
  z: -983.6529667030841
  yaw: 68.45349
  pitch: 35.699787
logoutlocation:
  world: world
  x: -227.341256078823
  y: 104.5
  z: -1064.8513457946342
  yaw: -141.07568
  pitch: 16.79994
afk: false
homes:
  home:
    world: world
    x: -545.3821466682045
    y: 67.0
    z: 12038.150986161801
    yaw: -349.44803
    pitch: 52.049816
