lastAccountName: biteyou74
timestamps:
  login: 1589964034884
  logout: 1589886484556
  lastteleport: 1589802569000
ipAddress: 120.102.191.141
lastlocation:
  world: world
  x: 787.6999999880791
  y: 39.356891881705536
  z: -1763.2602804304724
  yaw: 29.389431
  pitch: -14.699991
logoutlocation:
  world: world
  x: -182.088631894642
  y: 117.0625
  z: -1034.050260767698
  yaw: -5.5531006
  pitch: 11.102915
afk: false
homes:
  home:
    world: world
    x: -545.3821466682045
    y: 67.0
    z: 12038.150986161801
    yaw: -349.44803
    pitch: 52.049816
