lastAccountName: biteyou74
timestamps:
  login: 1605419608532
  logout: 1605419821602
  lastteleport: 1605412727638
ipAddress: 36.230.79.239
lastlocation:
  world: world
  x: -213.4175066846699
  y: 98.3632395657658
  z: -1019.1400478201482
  yaw: -133.60901
  pitch: -7.349857
logoutlocation:
  world: world
  x: 211.67785121683846
  y: 65.0
  z: 341.71502231807506
  yaw: -12.4887495
  pitch: 10.650687
afk: false
homes:
  home:
    world: world
    x: -219.7878281610163
    y: 111.0
    z: -1098.642145520334
    yaw: -38.250076
    pitch: 38.399967
