lastAccountName: biteyou74
timestamps:
  login: 1586601873457
  logout: 1586600141151
  lastteleport: 1586594097308
ipAddress: 36.230.75.242
lastlocation:
  world: world
  x: -234.8432534595937
  y: 15.0
  z: -1630.2813042746645
  yaw: -211.64136
  pitch: 16.651596
logoutlocation:
  world: world
  x: -269.71610391796276
  y: 91.0
  z: -1006.0282985466202
  yaw: 187.35254
  pitch: 33.74999
afk: false
homes:
  home:
    world: world
    x: -141.19418645913834
    y: 90.0
    z: -1093.6147547719586
    yaw: -248.15631
    pitch: -0.44968373
