lastAccountName: biteyou74
timestamps:
  login: 1586675532190
  logout: 1586624227648
  lastteleport: 1586694187992
ipAddress: 120.102.191.141
lastlocation:
  world: world
  x: -88.69999998807907
  y: 21.0
  z: -1133.699999988079
  yaw: -195.83765
  pitch: 76.19998
logoutlocation:
  world: world
  x: -234.73309988171545
  y: 105.0
  z: -1066.634461693717
  yaw: -331.10596
  pitch: 15.900279
afk: false
homes:
  home:
    world: world
    x: -141.19418645913834
    y: 90.0
    z: -1093.6147547719586
    yaw: -248.15631
    pitch: -0.44968373
