lastAccountName: biteyou74
timestamps:
  login: 1586930652641
  logout: 1586933252926
  lastteleport: 1586869988597
ipAddress: 120.102.191.141
lastlocation:
  world: world
  x: -225.58373946848127
  y: 104.0
  z: -1064.300000011921
  yaw: -189.77118
  pitch: 45.14996
logoutlocation:
  world: world
  x: -181.36513901178185
  y: 79.0
  z: -1074.6578347227905
  yaw: 0.59329224
  pitch: -11.54904
afk: false
homes:
  home:
    world: world
    x: -141.19418645913834
    y: 90.0
    z: -1093.6147547719586
    yaw: -248.15631
    pitch: -0.44968373
