lastAccountName: biteyou74
timestamps:
  login: 1586534265985
  logout: 1586539621198
  lastteleport: 1586538191344
ipAddress: 36.230.75.242
lastlocation:
  world: world
  x: 733.7017044394277
  y: 65.0
  z: 809.1622763906121
  yaw: -162.20361
  pitch: 26.250017
logoutlocation:
  world: world
  x: -180.46389652597935
  y: 69.0
  z: -1095.3472733831477
  yaw: -263.756
  pitch: 8.550032
afk: false
homes:
  home:
    world: world
    x: -141.19418645913834
    y: 90.0
    z: -1093.6147547719586
    yaw: -248.15631
    pitch: -0.44968373
