lastAccountName: biteyou74
timestamps:
  login: 1587287058990
  logout: 1587286981812
  lastteleport: 1587291353690
ipAddress: 120.102.191.141
lastlocation:
  world: world
  x: -182.1969194978805
  y: 83.90764306031436
  z: -1074.5853825930794
  yaw: 239.21045
  pitch: 33.14974
logoutlocation:
  world: world
  x: -154.69999998807907
  y: 69.0
  z: -1031.699999988079
  yaw: 97.45337
  pitch: 20.250082
afk: false
homes:
  home:
    world: world
    x: -141.19418645913834
    y: 90.0
    z: -1093.6147547719586
    yaw: -248.15631
    pitch: -0.44968373
