lastAccountName: biteyou74
timestamps:
  login: 1587460219341
  logout: 1587454442667
  lastteleport: 1587400210716
ipAddress: 120.102.191.141
lastlocation:
  world: world
  x: -303.68244508936783
  y: 73.0
  z: -1003.6377779156178
  yaw: 269.15643
  pitch: 25.499817
logoutlocation:
  world: world
  x: -237.40591415167594
  y: 76.0
  z: -984.748379413852
  yaw: 210.0209
  pitch: -5.249872
afk: false
homes:
  home:
    world: world
    x: -545.3821466682045
    y: 67.0
    z: 12038.150986161801
    yaw: -349.44803
    pitch: 52.049816
