lastAccountName: biteyou74
timestamps:
  login: 1590592686812
  logout: 1590592372225
  lastteleport: 1590595516012
ipAddress: 120.102.191.141
lastlocation:
  world: world
  x: 218.28604347838774
  y: 63.09375
  z: 283.998505301704
  yaw: -177.81335
  pitch: 6.7500787
logoutlocation:
  world: world
  x: 219.40508284178566
  y: 69.0
  z: 265.32764347056934
  yaw: 3.5371704
  pitch: 3.9001303
afk: false
homes:
  home:
    world: world
    x: -219.7878281610163
    y: 111.0
    z: -1098.642145520334
    yaw: -38.250076
    pitch: 38.399967
