lastAccountName: biteyou74
timestamps:
  login: 1588578755305
  logout: 1588579054059
  lastteleport: 1588438537169
ipAddress: 120.102.191.141
lastlocation:
  world: world
  x: 589.426995339582
  y: 58.79571388828669
  z: 825.1754616144243
  yaw: 99.45311
  pitch: -5.400293
logoutlocation:
  world: world
  x: -126.74865874767717
  y: 41.0
  z: -986.9928848471058
  yaw: 4.8791504
  pitch: 22.199444
afk: false
homes:
  home:
    world: world
    x: -545.3821466682045
    y: 67.0
    z: 12038.150986161801
    yaw: -349.44803
    pitch: 52.049816
