lastAccountName: biteyou74
timestamps:
  login: 1590564594897
  logout: 1590571080378
  lastteleport: 1590570754962
ipAddress: 120.102.191.141
lastlocation:
  world: world
  x: -222.00156080128383
  y: 111.0625
  z: -1087.8741458525876
  yaw: 2.099868
  pitch: 14.849894
logoutlocation:
  world: world
  x: 260.43663770628706
  y: 71.0
  z: 478.9747063205457
  yaw: -57.368896
  pitch: 29.999859
afk: false
homes:
  home:
    world: world
    x: -219.7878281610163
    y: 111.0
    z: -1098.642145520334
    yaw: -38.250076
    pitch: 38.399967
