lastAccountName: biteyou74
timestamps:
  login: 1605188015350
  logout: 1605106917354
  lastteleport: 1605103180788
ipAddress: 111.241.135.84
lastlocation:
  world: world
  x: -218.70000002533197
  y: 111.0000002
  z: -1098.700000025332
  yaw: 33.599915
  pitch: 32.99998
logoutlocation:
  world: world
  x: 291.30757766705665
  y: 128.482078260891
  z: 329.5268020534625
  yaw: -346.11115
  pitch: 45.150097
afk: false
homes:
  home:
    world: world
    x: -219.7878281610163
    y: 111.0
    z: -1098.642145520334
    yaw: -38.250076
    pitch: 38.399967
