lastAccountName: biteyou74
timestamps:
  login: 1587143088989
  logout: 1587140320266
  lastteleport: 1587147733011
ipAddress: 27.247.44.109
lastlocation:
  world: world
  x: -220.69999998807907
  y: 75.0
  z: -984.4991123611791
  yaw: -201.83119
  pitch: 42.90027
logoutlocation:
  world: world
  x: -210.21082384466754
  y: 89.0
  z: -1044.0032944067418
  yaw: -88.32495
  pitch: 57.6001
afk: false
homes:
  home:
    world: world
    x: -141.19418645913834
    y: 90.0
    z: -1093.6147547719586
    yaw: -248.15631
    pitch: -0.44968373
