lastAccountName: biteyou74
timestamps:
  login: 1590478530948
  logout: 1590429194706
  lastteleport: 1590481955577
ipAddress: 120.102.191.141
lastlocation:
  world: world
  x: -221.55353503036338
  y: 111.0625
  z: -1098.2617125729869
  yaw: -70.20011
  pitch: 46.49982
logoutlocation:
  world: world
  x: -534.0494432166856
  y: 69.11650136792812
  z: -1568.011954627304
  yaw: 235.21454
  pitch: 20.250006
afk: false
homes:
  home:
    world: world
    x: -219.7878281610163
    y: 111.0
    z: -1098.642145520334
    yaw: -38.250076
    pitch: 38.399967
