lastAccountName: biteyou74
timestamps:
  login: 1590478530948
  logout: 1590483135351
  lastteleport: 1590482712177
ipAddress: 120.102.191.141
lastlocation:
  world: world
  x: -218.70000002533197
  y: 111.0000002
  z: -1098.700000025332
  yaw: -41.100098
  pitch: 0.6000001
logoutlocation:
  world: world
  x: 299.8765648015688
  y: 69.0
  z: 451.75124286281846
  yaw: 171.64563
  pitch: 15.450054
afk: false
homes:
  home:
    world: world
    x: -219.7878281610163
    y: 111.0
    z: -1098.642145520334
    yaw: -38.250076
    pitch: 38.399967
