lastAccountName: biteyou74
timestamps:
  login: 1587488516452
  logout: 1587488420160
  lastteleport: 1587400210716
ipAddress: 27.247.44.109
lastlocation:
  world: world
  x: -237.06119445490611
  y: 15.200000047683655
  z: -1110.7229474669584
  yaw: -276.5692
  pitch: 43.94999
logoutlocation:
  world: world
  x: -218.55000001192093
  y: 110.32499998211861
  z: -1099.4999967600584
  yaw: 23.584686
  pitch: 49.800064
afk: false
homes:
  home:
    world: world
    x: -545.3821466682045
    y: 67.0
    z: 12038.150986161801
    yaw: -349.44803
    pitch: 52.049816
