lastAccountName: biteyou74
timestamps:
  login: 1586858309562
  logout: 1586856660745
  lastteleport: 1586800265668
ipAddress: 120.102.191.141
lastlocation:
  world: world
  x: -180.39658441122256
  y: 79.0
  z: -1079.4152503193304
  yaw: -182.15479
  pitch: 14.400483
logoutlocation:
  world: world
  x: -245.84542740769035
  y: 67.0
  z: -1194.1125453029142
  yaw: 132.25269
  pitch: 29.2498
afk: false
homes:
  home:
    world: world
    x: -141.19418645913834
    y: 90.0
    z: -1093.6147547719586
    yaw: -248.15631
    pitch: -0.44968373
