lastAccountName: biteyou74
timestamps:
  login: 1587979644492
  logout: 1587980030474
  lastteleport: 1587400210716
ipAddress: 120.102.191.141
lastlocation:
  world: world
  x: -807.5308153726501
  y: 9.0
  z: -1052.6966415315123
  yaw: 240.01227
  pitch: 28.202213
logoutlocation:
  world: world
  x: -232.24668402533814
  y: 104.0
  z: -1068.3016548437872
  yaw: 29.10141
  pitch: 12.450275
afk: false
homes:
  home:
    world: world
    x: -545.3821466682045
    y: 67.0
    z: 12038.150986161801
    yaw: -349.44803
    pitch: 52.049816
