lastAccountName: biteyou74
timestamps:
  login: 1604801284993
  logout: 1604801552716
  lastteleport: 1604760244488
ipAddress: 118.167.119.233
lastlocation:
  world: world
  x: -220.88309932350015
  y: 105.0
  z: -1094.3392478153876
  yaw: -203.10114
  pitch: 15.300034
logoutlocation:
  world: world
  x: 238.0380297736183
  y: 69.0
  z: 376.93491506967365
  yaw: -352.11926
  pitch: -9.599399
afk: false
homes:
  home:
    world: world
    x: -219.7878281610163
    y: 111.0
    z: -1098.642145520334
    yaw: -38.250076
    pitch: 38.399967
