lastAccountName: biteyou74
timestamps:
  login: 1587287058990
  logout: 1587297270670
  lastteleport: 1587291353690
ipAddress: 120.102.191.141
lastlocation:
  world: world
  x: -182.1969194978805
  y: 83.90764306031436
  z: -1074.5853825930794
  yaw: 239.21045
  pitch: 33.14974
logoutlocation:
  world: world
  x: -224.00554574842343
  y: 106.90779718977033
  z: -1073.7206977526123
  yaw: -117.25424
  pitch: 35.15012
afk: false
homes:
  home:
    world: world
    x: -141.19418645913834
    y: 90.0
    z: -1093.6147547719586
    yaw: -248.15631
    pitch: -0.44968373
