lastAccountName: biteyou74
timestamps:
  login: 1590924031903
  logout: 1590906858313
  lastteleport: 1590924803991
ipAddress: 120.102.191.141
lastlocation:
  world: world
  x: -170.82870260078127
  y: 90.0
  z: -1067.9564984869226
  yaw: 139.80005
  pitch: 39.749928
logoutlocation:
  world: world
  x: -218.70000002533197
  y: 111.0000002
  z: -1098.700000025332
  yaw: 50.09994
  pitch: 49.350014
afk: false
homes:
  home:
    world: world
    x: -219.7878281610163
    y: 111.0
    z: -1098.642145520334
    yaw: -38.250076
    pitch: 38.399967
