lastAccountName: biteyou74
timestamps:
  login: 1589045699370
  logout: 1589042525340
  lastteleport: 1589020393516
ipAddress: 27.242.6.103
lastlocation:
  world: world
  x: -157.91135337379595
  y: 12.419999986886978
  z: -1063.8018167368928
  yaw: 306.08105
  pitch: -4.350377
logoutlocation:
  world: world
  x: -238.2124235176857
  y: 106.12431996982649
  z: -1072.512325460676
  yaw: 132.81885
  pitch: 31.949543
afk: false
homes:
  home:
    world: world
    x: -545.3821466682045
    y: 67.0
    z: 12038.150986161801
    yaw: -349.44803
    pitch: 52.049816
