lastAccountName: biteyou74
timestamps:
  login: 1605017407910
  logout: 1605018711699
  lastteleport: 1605018498788
ipAddress: 111.241.135.84
lastlocation:
  world: world
  x: -164.95063434584176
  y: 89.0
  z: -1063.718551980858
  yaw: 343.9499
  pitch: 39.149895
logoutlocation:
  world: world
  x: 339.79433512284663
  y: 64.0
  z: 382.6370683962783
  yaw: 90.635056
  pitch: 3.600141
afk: false
homes:
  home:
    world: world
    x: -219.7878281610163
    y: 111.0
    z: -1098.642145520334
    yaw: -38.250076
    pitch: 38.399967
