lastAccountName: biteyou74
timestamps:
  login: 1586493939802
  logout: 1586453527140
  lastteleport: 1586500026095
ipAddress: 120.102.191.141
lastlocation:
  world: world
  x: -239.1762057226792
  y: 12.0
  z: -1254.3438257550897
  yaw: 267.4563
  pitch: 13.500336
logoutlocation:
  world: world
  x: -141.3839964852445
  y: 90.0625
  z: -1092.9395315726022
  yaw: 196.51562
  pitch: 13.20018
afk: false
homes:
  home:
    world: world
    x: -141.19418645913834
    y: 90.0
    z: -1093.6147547719586
    yaw: -248.15631
    pitch: -0.44968373
