lastAccountName: biteyou74
timestamps:
  login: 1586601873457
  logout: 1586600141151
  lastteleport: 1586612461413
ipAddress: 36.230.75.242
lastlocation:
  world: world
  x: -270.30000001192093
  y: 113.0
  z: -1009.3000000119209
  yaw: 272.6643
  pitch: 22.50037
logoutlocation:
  world: world
  x: -269.71610391796276
  y: 91.0
  z: -1006.0282985466202
  yaw: 187.35254
  pitch: 33.74999
afk: false
homes:
  home:
    world: world
    x: -141.19418645913834
    y: 90.0
    z: -1093.6147547719586
    yaw: -248.15631
    pitch: -0.44968373
