lastAccountName: biteyou74
timestamps:
  login: 1587056424533
  logout: 1587060343747
  lastteleport: 1587058225448
ipAddress: 110.28.70.240
lastlocation:
  world: world
  x: -218.5
  y: 111.0000002
  z: -1098.5
  yaw: 98.249756
  pitch: 27.149982
logoutlocation:
  world: world
  x: -226.1685696111211
  y: 104.0
  z: -1069.8330601716168
  yaw: 269.62744
  pitch: 1.7997102
afk: false
homes:
  home:
    world: world
    x: -141.19418645913834
    y: 90.0
    z: -1093.6147547719586
    yaw: -248.15631
    pitch: -0.44968373
