lastAccountName: biteyou74
timestamps:
  login: 1587056424533
  logout: 1587056419520
  lastteleport: 1587058225448
ipAddress: 110.28.70.240
lastlocation:
  world: world
  x: -218.5
  y: 111.0000002
  z: -1098.5
  yaw: 98.249756
  pitch: 27.149982
logoutlocation:
  world: world
  x: -219.43370272142923
  y: 107.59127969015792
  z: -1097.7959304958338
  yaw: 306.1327
  pitch: -51.901
afk: false
homes:
  home:
    world: world
    x: -141.19418645913834
    y: 90.0
    z: -1093.6147547719586
    yaw: -248.15631
    pitch: -0.44968373
