lastAccountName: biteyou74
timestamps:
  login: 1595312820008
  logout: 1595315291168
  lastteleport: 1595312930099
ipAddress: 118.160.52.149
lastlocation:
  world: world
  x: 270.69032982880685
  y: 82.0
  z: 450.5660840996812
  yaw: -357.14294
  pitch: 28.651237
logoutlocation:
  world: world
  x: 799.0431208997398
  y: 19.28271854438603
  z: -1739.143688344325
  yaw: -127.00879
  pitch: 14.406142
afk: false
homes:
  home:
    world: world
    x: -219.7878281610163
    y: 111.0
    z: -1098.642145520334
    yaw: -38.250076
    pitch: 38.399967
