lastAccountName: biteyou74
timestamps:
  login: 1586675532190
  logout: 1586624227648
  lastteleport: 1586624086458
ipAddress: 120.102.191.141
lastlocation:
  world: world
  x: 15.732856528618651
  y: 66.0
  z: -1219.7910752316366
  yaw: 81.21921
  pitch: 47.399887
logoutlocation:
  world: world
  x: -234.73309988171545
  y: 105.0
  z: -1066.634461693717
  yaw: -331.10596
  pitch: 15.900279
afk: false
homes:
  home:
    world: world
    x: -141.19418645913834
    y: 90.0
    z: -1093.6147547719586
    yaw: -248.15631
    pitch: -0.44968373
