lastAccountName: biteyou74
timestamps:
  login: 1589271955455
  logout: 1589273050322
  lastteleport: 1589135957425
ipAddress: 120.102.191.141
lastlocation:
  world: world
  x: 622.9079058418346
  y: 71.62392312856034
  z: 767.6914779358107
  yaw: -184.7135
  pitch: 36.900078
logoutlocation:
  world: world
  x: -172.1504302472872
  y: 79.0
  z: -1040.4153642248446
  yaw: -93.82895
  pitch: 5.399705
afk: false
homes:
  home:
    world: world
    x: -545.3821466682045
    y: 67.0
    z: 12038.150986161801
    yaw: -349.44803
    pitch: 52.049816
