lastAccountName: biteyou74
timestamps:
  login: 1589045699370
  logout: 1589048039834
  lastteleport: 1589020393516
ipAddress: 27.242.6.103
lastlocation:
  world: world
  x: -157.91135337379595
  y: 12.419999986886978
  z: -1063.8018167368928
  yaw: 306.08105
  pitch: -4.350377
logoutlocation:
  world: world
  x: -142.08948297641484
  y: 41.0
  z: -973.3775311649667
  yaw: -268.21793
  pitch: 3.750441
afk: false
homes:
  home:
    world: world
    x: -545.3821466682045
    y: 67.0
    z: 12038.150986161801
    yaw: -349.44803
    pitch: 52.049816
