lastAccountName: biteyou74
timestamps:
  login: 1588179141430
  logout: 1588179285393
  lastteleport: 1588006084840
ipAddress: 27.247.44.109
lastlocation:
  world: world
  x: 503.1167663407251
  y: 67.0
  z: -277.99667464187905
  yaw: -248.65741
  pitch: 7.350389
logoutlocation:
  world: world
  x: -227.71375067949285
  y: 89.0
  z: -1042.480743040932
  yaw: -91.85321
  pitch: 14.700051
afk: false
homes:
  home:
    world: world
    x: -545.3821466682045
    y: 67.0
    z: 12038.150986161801
    yaw: -349.44803
    pitch: 52.049816
