lastAccountName: biteyou74
timestamps:
  login: 1587402055706
  logout: 1587409005183
  lastteleport: 1587400210716
ipAddress: 27.247.44.109
lastlocation:
  world: world
  x: -532.7730280756364
  y: 80.0
  z: 12046.218163035333
  yaw: -191.35168
  pitch: 13.500093
logoutlocation:
  world: world
  x: -218.70000002533197
  y: 111.0000002
  z: -1098.700000025332
  yaw: 20.869982
  pitch: -12.150033
afk: false
homes:
  home:
    world: world
    x: -545.3821466682045
    y: 67.0
    z: 12038.150986161801
    yaw: -349.44803
    pitch: 52.049816
