lastAccountName: biteyou74
timestamps:
  login: 1604718397258
  logout: 1604717065212
  lastteleport: 1604728027988
ipAddress: 1.160.128.80
lastlocation:
  world: world
  x: -221.78124906381163
  y: 105.79503853567724
  z: -1096.4892076215287
  yaw: -79.205894
  pitch: 30.45004
logoutlocation:
  world: world
  x: -220.70549387393248
  y: 105.0
  z: -1091.9014837901618
  yaw: -59.8506
  pitch: -0.75003505
afk: false
homes:
  home:
    world: world
    x: -219.7878281610163
    y: 111.0
    z: -1098.642145520334
    yaw: -38.250076
    pitch: 38.399967
