lastAccountName: biteyou74
timestamps:
  login: 1586784237146
  logout: 1586784112200
  lastteleport: 1586783098117
ipAddress: 120.102.191.141
lastlocation:
  world: world
  x: -88.30000001192093
  y: 20.0
  z: -1117.6417412465457
  yaw: 359.20212
  pitch: -0.1494832
logoutlocation:
  world: world
  x: -228.47534668270723
  y: 84.0
  z: -1037.8600583850432
  yaw: 294.23853
  pitch: 28.201546
afk: false
homes:
  home:
    world: world
    x: -141.19418645913834
    y: 90.0
    z: -1093.6147547719586
    yaw: -248.15631
    pitch: -0.44968373
