lastAccountName: biteyou74
timestamps:
  login: 1590770876232
  logout: 1590773422202
  lastteleport: 1590771652186
ipAddress: 111.251.66.231
lastlocation:
  world: world
  x: -221.81247783663287
  y: 95.0
  z: -1091.5987636943264
  yaw: 245.2539
  pitch: 3.4500241
logoutlocation:
  world: world
  x: 320.7747319746216
  y: 89.0
  z: 536.9875099161482
  yaw: -248.34021
  pitch: 8.849997
afk: false
homes:
  home:
    world: world
    x: -219.7878281610163
    y: 111.0
    z: -1098.642145520334
    yaw: -38.250076
    pitch: 38.399967
