lastAccountName: biteyou74
timestamps:
  login: 1586972228728
  logout: 1586979959409
  lastteleport: 1586972496556
ipAddress: 110.28.70.240
lastlocation:
  world: world
  x: -225.91771232870767
  y: 96.23188385030659
  z: -1035.9192601556458
  yaw: 63.7191
  pitch: 37.20041
logoutlocation:
  world: world
  x: -235.65506782671255
  y: 105.0
  z: -1062.5993408852794
  yaw: 5.0775146
  pitch: 18.899727
afk: false
homes:
  home:
    world: world
    x: -141.19418645913834
    y: 90.0
    z: -1093.6147547719586
    yaw: -248.15631
    pitch: -0.44968373
