lastAccountName: biteyou74
timestamps:
  login: 1604935130109
  logout: 1604934636152
  lastteleport: 1604934334338
ipAddress: 118.167.119.233
lastlocation:
  world: world
  x: -220.69999998807907
  y: 104.0
  z: -1091.0589956392862
  yaw: -130.94945
  pitch: -7.349809
logoutlocation:
  world: world
  x: 349.6521840065711
  y: 76.0
  z: 375.35245938853427
  yaw: -284.11005
  pitch: 18.150146
afk: false
homes:
  home:
    world: world
    x: -219.7878281610163
    y: 111.0
    z: -1098.642145520334
    yaw: -38.250076
    pitch: 38.399967
