lastAccountName: biteyou74
timestamps:
  login: 1587020607835
  logout: 1587019359836
  lastteleport: 1586972496556
ipAddress: 120.102.191.141
lastlocation:
  world: world
  x: -225.91771232870767
  y: 96.23188385030659
  z: -1035.9192601556458
  yaw: 63.7191
  pitch: 37.20041
logoutlocation:
  world: world
  x: -225.90297520132188
  y: 104.0
  z: -1064.300000011921
  yaw: 180.4762
  pitch: 13.500536
afk: true
homes:
  home:
    world: world
    x: -141.19418645913834
    y: 90.0
    z: -1093.6147547719586
    yaw: -248.15631
    pitch: -0.44968373
