lastAccountName: biteyou74
timestamps:
  login: 1588352795681
  logout: 1588358565265
  lastteleport: 1588255278570
ipAddress: 27.247.44.109
lastlocation:
  world: world
  x: -115.42037360452949
  y: 44.200000047683716
  z: -983.6529667030841
  yaw: 68.45349
  pitch: 35.699787
logoutlocation:
  world: world
  x: -158.83510531705684
  y: 75.0
  z: -998.2744700483792
  yaw: -208.72498
  pitch: -2.549755
afk: false
homes:
  home:
    world: world
    x: -545.3821466682045
    y: 67.0
    z: 12038.150986161801
    yaw: -349.44803
    pitch: 52.049816
