lastAccountName: biteyou74
timestamps:
  login: 1587307381082
  logout: 1587307561648
  lastteleport: 1587291353690
ipAddress: 120.102.191.141
lastlocation:
  world: world
  x: -182.1969194978805
  y: 83.90764306031436
  z: -1074.5853825930794
  yaw: 239.21045
  pitch: 33.14974
logoutlocation:
  world: world
  x: -222.73673337647227
  y: 110.61813549475866
  z: -978.9690924307688
  yaw: 174.9356
  pitch: 29.75006
afk: false
homes:
  home:
    world: world
    x: -141.19418645913834
    y: 90.0
    z: -1093.6147547719586
    yaw: -248.15631
    pitch: -0.44968373
