lastAccountName: biteyou74
timestamps:
  login: 1586928039032
  logout: 1586928962454
  lastteleport: 1586869988597
ipAddress: 120.102.191.141
lastlocation:
  world: world
  x: -225.58373946848127
  y: 104.0
  z: -1064.300000011921
  yaw: -189.77118
  pitch: 45.14996
logoutlocation:
  world: world
  x: -226.1628799895124
  y: 111.0
  z: -1079.6001851021792
  yaw: 4.0736084
  pitch: 2.849745
afk: false
homes:
  home:
    world: world
    x: -141.19418645913834
    y: 90.0
    z: -1093.6147547719586
    yaw: -248.15631
    pitch: -0.44968373
