lastAccountName: biteyou74
timestamps:
  login: 1591202294020
  logout: 1591036816259
  lastteleport: 1591202465697
ipAddress: 120.102.191.141
lastlocation:
  world: world
  x: -169.94739153474617
  y: 90.0
  z: -1070.253096202385
  yaw: -278.41943
  pitch: 16.949768
logoutlocation:
  world: world
  x: -222.2675764809085
  y: 105.0
  z: -1096.9493195491948
  yaw: -199.95023
  pitch: 12.149935
afk: false
homes:
  home:
    world: world
    x: -219.7878281610163
    y: 111.0
    z: -1098.642145520334
    yaw: -38.250076
    pitch: 38.399967
