lastAccountName: biteyou74
timestamps:
  login: 1587143088989
  logout: 1587140320266
  lastteleport: 1587147733011
ipAddress: 27.247.44.109
lastlocation:
  world: world_nether
  x: -161.449507794057
  y: 76.20000004768374
  z: -1141.644472005206
  yaw: 271.0381
  pitch: 31.50007
logoutlocation:
  world: world
  x: -210.21082384466754
  y: 89.0
  z: -1044.0032944067418
  yaw: -88.32495
  pitch: 57.6001
afk: false
homes:
  home:
    world: world
    x: -141.19418645913834
    y: 90.0
    z: -1093.6147547719586
    yaw: -248.15631
    pitch: -0.44968373
