lastAccountName: Ken
timestamps:
  login: 1586182218766
  logout: 1586096821485
ipAddress: 101.12.45.129
lastlocation:
  world: world
  x: 212.0
  y: 65.0
  z: 271.0
  yaw: 0.0
  pitch: 0.0
logoutlocation:
  world: world_train
  x: 594.2412831944886
  y: 70.7125
  z: 679.5
  yaw: -91.3382
  pitch: 18.001228
