lastAccountName: Tofu_Ivan
timestamps:
  login: 1586440713620
  logout: 1586441832791
ipAddress: 163.25.119.56
afk: false
logoutlocation:
  world: world
  x: 985.3000000119209
  y: 44.0
  z: 927.5781355111823
  yaw: 26.146051
  pitch: 10.877929
