lastAccountName: Tofu_Ivan
timestamps:
  login: 1587783546367
  logout: 1587783574724
  kits:
    tools: 1586620193718
  lastteleport: 1587221613836
ipAddress: 114.25.41.111
afk: false
logoutlocation:
  world: world
  x: 3771.235233065413
  y: 121.0
  z: 3518.4907334052905
  yaw: -358.43686
  pitch: 17.70003
homes:
  home:
    world: world
    x: 3770.0039413154623
    y: 121.0
    z: 3519.4957878131104
    yaw: -31.436749
    pitch: 1.6500455
nickname: Ivan
lastlocation:
  world: world
  x: 3770.0039413154623
  y: 121.0
  z: 3519.4957878131104
  yaw: -31.436749
  pitch: 1.6500455
