lastAccountName: Tofu_Ivan
timestamps:
  login: 1586620054904
  logout: 1586620462921
  kits:
    tools: 1586620193718
ipAddress: 114.43.93.80
afk: false
logoutlocation:
  world: world
  x: 1262.2005502025095
  y: 68.0
  z: 1162.3418718700707
  yaw: 227.89629
  pitch: 22.049915
homes:
  home:
    world: world
    x: 1262.2005502025095
    y: 68.0
    z: 1162.3418718700707
    yaw: 227.89629
    pitch: 22.049915
