lastAccountName: Tofu_Ivan
timestamps:
  login: 1586614617400
  logout: 1586615257448
ipAddress: 114.43.93.80
afk: false
logoutlocation:
  world: world
  x: 1005.4936673027697
  y: 51.0
  z: 920.3000000119209
  yaw: -62.655212
  pitch: 3.9779694
homes:
  home:
    world: world
    x: 983.850422985332
    y: 46.0
    z: 927.6999999880791
    yaw: -226.00404
    pitch: -47.772076
