lastAccountName: apple
timestamps:
  login: 1586949236269
  logout: 1586950250428
  lastteleport: 1586949254548
ipAddress: 127.0.0.1
logoutlocation:
  world: world
  x: -214.41361902446587
  y: 66.0
  z: -615.0701861955171
  yaw: 121.949936
  pitch: 10.949976
afk: false
lastlocation:
  world: world
  x: -241.59963337174284
  y: 74.0
  z: -1087.1842393794414
  yaw: -246.59996
  pitch: 77.55002
homes:
  apple:
    world: world
    x: 212.4158408340934
    y: 70.0
    z: 254.75308783491397
    yaw: -186.59984
    pitch: 42.75001
godmode: false
