lastAccountName: apple
timestamps:
  login: 1586521943743
  logout: 1586522978070
  lastteleport: 1586522896773
ipAddress: 127.0.0.1
logoutlocation:
  world: world
  x: -193.9304902616205
  y: 78.0
  z: -1049.074999988079
  yaw: 199.45741
  pitch: 48.600014
afk: false
lastlocation:
  world: world
  x: 198.616651638604
  y: 60.00151052572127
  z: 262.84379939749186
  yaw: -85.49951
  pitch: 9.299996
homes:
  apple:
    world: world
    x: 212.4158408340934
    y: 70.0
    z: 254.75308783491397
    yaw: -186.59984
    pitch: 42.75001
godmode: false
