lastAccountName: apple
timestamps:
  login: 1587400578174
  logout: 1587401074993
  lastteleport: 1587400782855
ipAddress: 61.216.179.32
logoutlocation:
  world: world
  x: 625.3567395686345
  y: 75.49338477257999
  z: -239.743639328926
  yaw: 50.18579
  pitch: 12.000008
afk: false
lastlocation:
  world: world_yucsh
  x: -16.30288462292916
  y: 66.0
  z: 235.60757179169508
  yaw: 41.250008
  pitch: -61.499977
homes:
  apple:
    world: world
    x: 212.4158408340934
    y: 70.0
    z: 254.75308783491397
    yaw: -186.59984
    pitch: 42.75001
godmode: false
