lastAccountName: apple
timestamps:
  login: 1586706769952
  logout: 1586707289751
  lastteleport: 1586707190928
ipAddress: 127.0.0.1
logoutlocation:
  world: world
  x: 1078.5750016968532
  y: 75.0
  z: 751.4521590913578
  yaw: 180.60814
  pitch: 19.050047
afk: false
lastlocation:
  world: world
  x: 51.69999998807907
  y: 12.200000047683716
  z: -1098.699999988079
  yaw: -209.8296
  pitch: 21.599806
homes:
  apple:
    world: world
    x: 212.4158408340934
    y: 70.0
    z: 254.75308783491397
    yaw: -186.59984
    pitch: 42.75001
godmode: false
