lastAccountName: apple
timestamps:
  login: 1586690609235
  logout: 1586691729758
  lastteleport: 1586691603948
ipAddress: 127.0.0.1
logoutlocation:
  world: world_china
  x: -365.2524952338772
  y: 98.85435847558948
  z: 25.802144000895858
  yaw: -220.94934
  pitch: 41.100033
afk: false
lastlocation:
  world: world
  x: 604.3307054707135
  y: 65.0
  z: 751.5836987145078
  yaw: -90.74932
  pitch: 16.499985
homes:
  apple:
    world: world
    x: 212.4158408340934
    y: 70.0
    z: 254.75308783491397
    yaw: -186.59984
    pitch: 42.75001
godmode: false
