lastAccountName: apple
timestamps:
  login: 1586248418631
  logout: 1586248072694
  lastteleport: 1586250782096
ipAddress: 127.0.0.1
logoutlocation:
  world: world
  x: 433.04019102028883
  y: 89.96401352559505
  z: 678.1745036845306
  yaw: -307.74805
  pitch: 41.25023
afk: true
lastlocation:
  world: world
  x: 356.00207211800125
  y: 65.0
  z: 675.0930885265414
  yaw: 89.37603
  pitch: -6.600055
homes:
  apple:
    world: world
    x: 212.4158408340934
    y: 70.0
    z: 254.75308783491397
    yaw: -186.59984
    pitch: 42.75001
godmode: false
