lastAccountName: apple
timestamps:
  login: 1587482135977
  logout: 1587481830071
  lastteleport: 1587483694272
ipAddress: 61.216.179.32
logoutlocation:
  world: world
  x: 346.7197028942177
  y: 74.89850879551523
  z: 694.6587784739147
  yaw: 99.183014
  pitch: 33.00024
afk: false
lastlocation:
  world: world
  x: -212.38250513364108
  y: 101.62757390789541
  z: -584.1259373681967
  yaw: -186.8406
  pitch: 9.149955
homes:
  apple:
    world: world
    x: 212.4158408340934
    y: 70.0
    z: 254.75308783491397
    yaw: -186.59984
    pitch: 42.75001
godmode: false
