lastAccountName: apple
timestamps:
  login: 1587493804485
  logout: 1587496831938
  lastteleport: 1587496041723
ipAddress: 61.216.179.32
logoutlocation:
  world: world_china
  x: -818.072758153896
  y: 54.36847891736195
  z: -0.45612436496096775
  yaw: -205.74304
  pitch: -82.94999
afk: false
lastlocation:
  world: world_china
  x: -1574.51661059626
  y: 57.62175855767137
  z: 349.3250823134939
  yaw: -196.2928
  pitch: 14.99996
homes:
  apple:
    world: world
    x: 212.4158408340934
    y: 70.0
    z: 254.75308783491397
    yaw: -186.59984
    pitch: 42.75001
godmode: false
