lastAccountName: apple
timestamps:
  login: 1587479506503
  logout: 1587479484975
  lastteleport: 1587479831814
ipAddress: 61.216.179.32
logoutlocation:
  world: world
  x: -294.98204631946584
  y: 122.5
  z: -1055.5
  yaw: 13.468612
  pitch: 64.95002
afk: false
lastlocation:
  world: world
  x: -1473.8610038080556
  y: 68.80948674189209
  z: -637.3569961867573
  yaw: -289.95004
  pitch: 13.500001
homes:
  apple:
    world: world
    x: 212.4158408340934
    y: 70.0
    z: 254.75308783491397
    yaw: -186.59984
    pitch: 42.75001
godmode: false
