lastAccountName: apple
timestamps:
  login: 1586677924894
  logout: 1586682218101
  lastteleport: 1586680660615
ipAddress: 127.0.0.1
logoutlocation:
  world: world
  x: 445.9035547032469
  y: 116.04532293350994
  z: 404.16923694032465
  yaw: -92.85019
  pitch: 27.60004
afk: false
lastlocation:
  world: world
  x: 172.4400613570771
  y: 44.49999926239355
  z: 249.31847337496
  yaw: -214.49957
  pitch: 29.850063
homes:
  apple:
    world: world
    x: 212.4158408340934
    y: 70.0
    z: 254.75308783491397
    yaw: -186.59984
    pitch: 42.75001
godmode: false
