lastAccountName: apple
timestamps:
  login: 1586332002808
  logout: 1586332004530
  lastteleport: 1586323693478
ipAddress: 127.0.0.1
logoutlocation:
  world: world
  x: 603.0614442096174
  y: 66.0
  z: 782.5307870729017
  yaw: 23.881392
  pitch: 9.750045
afk: false
lastlocation:
  world: world
  x: 564.3781906344598
  y: 11.0
  z: 652.6999999880791
  yaw: -13.468905
  pitch: 12.300007
homes:
  apple:
    world: world
    x: 212.4158408340934
    y: 70.0
    z: 254.75308783491397
    yaw: -186.59984
    pitch: 42.75001
godmode: false
