lastAccountName: apple
timestamps:
  login: 1587557171470
  logout: 1587559858390
  lastteleport: 1587559712252
ipAddress: 61.216.179.32
logoutlocation:
  world: world
  x: -223.44534195330195
  y: 111.0
  z: -1059.708630715635
  yaw: 215.70003
  pitch: -89.7
afk: false
lastlocation:
  world: world
  x: 578.6322416237317
  y: 63.0
  z: -215.34047156917742
  yaw: 272.08954
  pitch: 7.050001
homes:
  apple:
    world: world
    x: 212.4158408340934
    y: 70.0
    z: 254.75308783491397
    yaw: -186.59984
    pitch: 42.75001
godmode: false
