lastAccountName: apple
timestamps:
  login: 1587277809440
  logout: 1587276518442
  lastteleport: 1587278219890
ipAddress: 127.0.0.1
logoutlocation:
  world: world
  x: -274.6330376301702
  y: 67.0
  z: -1064.9131039323522
  yaw: 42.896637
  pitch: 19.199965
afk: true
lastlocation:
  world: world
  x: -341.877327645475
  y: 63.0
  z: -2263.293094450342
  yaw: 7.3222713
  pitch: 18.900005
homes:
  apple:
    world: world
    x: 212.4158408340934
    y: 70.0
    z: 254.75308783491397
    yaw: -186.59984
    pitch: 42.75001
godmode: false
