lastAccountName: apple
timestamps:
  login: 1586450898227
  logout: 1586452334343
  lastteleport: 1586452006994
ipAddress: 127.0.0.1
logoutlocation:
  world: world
  x: 495.1050209611905
  y: 94.69899148960734
  z: 804.0193533453071
  yaw: 280.84784
  pitch: 28.95
afk: false
lastlocation:
  world: world
  x: -798.5
  y: 106.12161948153654
  z: -756.5
  yaw: -133.90176
  pitch: 82.64998
homes:
  apple:
    world: world
    x: 212.4158408340934
    y: 70.0
    z: 254.75308783491397
    yaw: -186.59984
    pitch: 42.75001
godmode: false
