lastAccountName: apple
timestamps:
  login: 1587544735530
  logout: 1587496831938
  lastteleport: 1587544882494
ipAddress: 127.0.0.1
logoutlocation:
  world: world_china
  x: -818.072758153896
  y: 54.36847891736195
  z: -0.45612436496096775
  yaw: -205.74304
  pitch: -82.94999
afk: false
lastlocation:
  world: world_china
  x: -820.258529205752
  y: 45.5
  z: -0.3391251270089937
  yaw: -270.09317
  pitch: 1.200018
homes:
  apple:
    world: world
    x: 212.4158408340934
    y: 70.0
    z: 254.75308783491397
    yaw: -186.59984
    pitch: 42.75001
godmode: false
