lastAccountName: apple
timestamps:
  login: 1586790751262
  logout: 1586792506062
  lastteleport: 1586792204054
ipAddress: 127.0.0.1
logoutlocation:
  world: world
  x: -130.99025948168097
  y: 79.0
  z: -1068.3134466226854
  yaw: -92.43793
  pitch: 21.635174
afk: false
lastlocation:
  world: world
  x: -274.0730840444638
  y: 101.19739766069263
  z: -719.6734752635065
  yaw: 206.5526
  pitch: 11.1
homes:
  apple:
    world: world
    x: 212.4158408340934
    y: 70.0
    z: 254.75308783491397
    yaw: -186.59984
    pitch: 42.75001
godmode: false
