lastAccountName: apple
timestamps:
  login: 1587414693604
  logout: 1587414730876
  lastteleport: 1587400782855
ipAddress: 127.0.0.1
logoutlocation:
  world: world
  x: 620.6039768581229
  y: 74.0
  z: -120.36038405630441
  yaw: 3.9858072
  pitch: 29.550014
afk: false
lastlocation:
  world: world_yucsh
  x: -16.30288462292916
  y: 66.0
  z: 235.60757179169508
  yaw: 41.250008
  pitch: -61.499977
homes:
  apple:
    world: world
    x: 212.4158408340934
    y: 70.0
    z: 254.75308783491397
    yaw: -186.59984
    pitch: 42.75001
godmode: false
