lastAccountName: apple
timestamps:
  login: 1587456508060
  logout: 1587459744495
  lastteleport: 1587459541004
ipAddress: 127.0.0.1
logoutlocation:
  world: world
  x: 219.5
  y: 69.0
  z: 265.5
  yaw: -17.013733
  pitch: 70.35001
afk: false
lastlocation:
  world: world
  x: 268.3457340950835
  y: 117.54531645674157
  z: -710.3912389501687
  yaw: -214.71399
  pitch: 20.399956
homes:
  apple:
    world: world
    x: 212.4158408340934
    y: 70.0
    z: 254.75308783491397
    yaw: -186.59984
    pitch: 42.75001
godmode: false
