lastAccountName: apple
timestamps:
  login: 1587312114348
  logout: 1587313010231
  lastteleport: 1587312751469
ipAddress: 61.216.179.32
logoutlocation:
  world: world
  x: -292.12894381126665
  y: 44.21367692597934
  z: -1002.3069365589304
  yaw: -266.9889
  pitch: -8.700041
afk: false
lastlocation:
  world: world
  x: -227.42979212252686
  y: 117.0
  z: -1067.3397557310768
  yaw: 250.51237
  pitch: 35.249954
homes:
  apple:
    world: world
    x: 212.4158408340934
    y: 70.0
    z: 254.75308783491397
    yaw: -186.59984
    pitch: 42.75001
godmode: false
