lastAccountName: apple
timestamps:
  login: 1587482135977
  logout: 1587484247582
  lastteleport: 1587484032406
ipAddress: 61.216.179.32
logoutlocation:
  world: world
  x: -162.69999998807907
  y: 79.0
  z: -1058.699999988079
  yaw: 104.154785
  pitch: 25.326078
afk: false
lastlocation:
  world: world
  x: 492.0842322897772
  y: 63.0
  z: 668.2118655072683
  yaw: -42.718758
  pitch: 1.7997991
homes:
  apple:
    world: world
    x: 212.4158408340934
    y: 70.0
    z: 254.75308783491397
    yaw: -186.59984
    pitch: 42.75001
godmode: false
