lastAccountName: apple
timestamps:
  login: 1586724473151
  logout: 1586722850595
  lastteleport: 1586717560036
ipAddress: 127.0.0.1
logoutlocation:
  world: world
  x: -242.87032684791626
  y: 99.7123867450869
  z: -1056.2246884387148
  yaw: 210.18307
  pitch: 52.649994
afk: true
lastlocation:
  world: world
  x: 236.69999998807907
  y: 70.0
  z: 503.86948864926535
  yaw: 1.8310547E-4
  pitch: 23.850042
homes:
  apple:
    world: world
    x: 212.4158408340934
    y: 70.0
    z: 254.75308783491397
    yaw: -186.59984
    pitch: 42.75001
godmode: false
