lastAccountName: apple
timestamps:
  login: 1588303368794
  logout: 1588304334135
  lastteleport: 1588303391212
ipAddress: 61.216.179.32
logoutlocation:
  world: world_china
  x: 4849.739204555655
  y: 75.57519549823937
  z: -5.83302404570021
  yaw: 200.25049
  pitch: 10.200045
afk: false
lastlocation:
  world: world_china
  x: -781.1539674342017
  y: 78.92368980748424
  z: 0.7680051839726842
  yaw: 268.95004
  pitch: 12.900009
homes:
  apple:
    world: world
    x: 212.4158408340934
    y: 70.0
    z: 254.75308783491397
    yaw: -186.59984
    pitch: 42.75001
godmode: false
