lastAccountName: apple
timestamps:
  login: 1586531652175
  logout: 1586532868314
  lastteleport: 1586531663227
ipAddress: 127.0.0.1
logoutlocation:
  world: world_train
  x: 369.6755532078646
  y: 80.04793123299409
  z: -762.1417026906901
  yaw: 174.1471
  pitch: 90.0
afk: false
lastlocation:
  world: world
  x: 704.4081661045549
  y: 103.81918090959333
  z: 767.5936308809218
  yaw: 337.92456
  pitch: 74.25001
homes:
  apple:
    world: world
    x: 212.4158408340934
    y: 70.0
    z: 254.75308783491397
    yaw: -186.59984
    pitch: 42.75001
godmode: false
