lastAccountName: apple
timestamps:
  login: 1588912670086
  logout: 1588414390677
  lastteleport: 1588414022332
ipAddress: 61.216.179.32
logoutlocation:
  world: world_yucsh
  x: -95.74918391260069
  y: 128.80859088985787
  z: 116.66349804917263
  yaw: 316.80014
  pitch: 24.450005
afk: false
lastlocation:
  world: world_china
  x: 4712.134778001027
  y: 79.0984249211759
  z: -12.62169217909578
  yaw: 82.65082
  pitch: 9.450053
homes:
  apple:
    world: world
    x: 212.4158408340934
    y: 70.0
    z: 254.75308783491397
    yaw: -186.59984
    pitch: 42.75001
godmode: false
