lastAccountName: apple
timestamps:
  login: 1586346776888
  logout: 1586344213663
  lastteleport: 1586353297116
ipAddress: 127.0.0.1
logoutlocation:
  world: world
  x: 148.6904197180735
  y: 123.0687214350081
  z: 1988.4757205215933
  yaw: -82.94989
  pitch: 32.849937
afk: false
lastlocation:
  world: world
  x: 372.69999998807907
  y: 64.0
  z: 783.8024436074644
  yaw: 78.47503
  pitch: 15.900326
homes:
  apple:
    world: world
    x: 212.4158408340934
    y: 70.0
    z: 254.75308783491397
    yaw: -186.59984
    pitch: 42.75001
godmode: false
