lastAccountName: apple
timestamps:
  login: 1586888468040
  logout: 1586889346178
  lastteleport: 1586889014729
ipAddress: 127.0.0.1
logoutlocation:
  world: world
  x: -278.9947829811878
  y: 75.0
  z: -972.89539763832
  yaw: -280.2471
  pitch: 46.80029
afk: false
lastlocation:
  world: world
  x: -398.69999998807907
  y: 12.0
  z: 7450.167640986472
  yaw: -238.34892
  pitch: 6.1490345
homes:
  apple:
    world: world
    x: 212.4158408340934
    y: 70.0
    z: 254.75308783491397
    yaw: -186.59984
    pitch: 42.75001
godmode: true
