lastAccountName: apple
timestamps:
  login: 1587493804485
  logout: 1587484247582
  lastteleport: 1587494101499
ipAddress: 61.216.179.32
logoutlocation:
  world: world
  x: -162.69999998807907
  y: 79.0
  z: -1058.699999988079
  yaw: 104.154785
  pitch: 25.326078
afk: false
lastlocation:
  world: world
  x: -884.1599248709738
  y: 28.686812938322337
  z: -1025.8036213245746
  yaw: 347.905
  pitch: 14.699973
homes:
  apple:
    world: world
    x: 212.4158408340934
    y: 70.0
    z: 254.75308783491397
    yaw: -186.59984
    pitch: 42.75001
godmode: false
