lastAccountName: apple
timestamps:
  login: 1586677924894
  logout: 1586674088705
  lastteleport: 1586680660615
ipAddress: 127.0.0.1
logoutlocation:
  world: world
  x: -1284.4851626523744
  y: 91.3053382531378
  z: 3207.4565702027653
  yaw: 267.10736
  pitch: 19.800003
afk: false
lastlocation:
  world: world_nether
  x: 162.93267370186598
  y: 95.0
  z: 554.1449564234998
  yaw: 85.931816
  pitch: 10.350136
homes:
  apple:
    world: world
    x: 212.4158408340934
    y: 70.0
    z: 254.75308783491397
    yaw: -186.59984
    pitch: 42.75001
godmode: false
