lastAccountName: apple
timestamps:
  login: 1587732935483
  logout: 1587733865327
  lastteleport: 1587733073570
ipAddress: 61.216.179.32
logoutlocation:
  world: world
  x: -236.4794587562394
  y: 38.523108038260375
  z: -1088.8030815606494
  yaw: 219.55469
  pitch: 59.99999
afk: false
lastlocation:
  world: world
  x: -223.5
  y: 111.0000002
  z: -1059.5
  yaw: 0.0
  pitch: 0.0
homes:
  apple:
    world: world
    x: 212.4158408340934
    y: 70.0
    z: 254.75308783491397
    yaw: -186.59984
    pitch: 42.75001
godmode: false
