lastAccountName: apple
timestamps:
  login: 1587454172051
  logout: 1587453908691
  lastteleport: 1587452472495
ipAddress: 127.0.0.1
logoutlocation:
  world: world_yucsh
  x: -23.59524344883431
  y: 85.11855977794471
  z: 228.28534359997977
  yaw: -230.54979
  pitch: -20.399994
afk: false
lastlocation:
  world: creative
  x: -681.0641555291368
  y: 85.53563875632474
  z: -201.84833839536657
  yaw: 333.45087
  pitch: 12.00012
homes:
  apple:
    world: world
    x: 212.4158408340934
    y: 70.0
    z: 254.75308783491397
    yaw: -186.59984
    pitch: 42.75001
godmode: false
