lastAccountName: apple
timestamps:
  login: 1586521943743
  logout: 1586452334343
  lastteleport: 1586521996085
ipAddress: 127.0.0.1
logoutlocation:
  world: world
  x: 495.1050209611905
  y: 94.69899148960734
  z: 804.0193533453071
  yaw: 280.84784
  pitch: 28.95
afk: false
lastlocation:
  world: world
  x: 597.0749999880791
  y: 63.0
  z: -216.00953356474417
  yaw: 131.92282
  pitch: 22.499992
homes:
  apple:
    world: world
    x: 212.4158408340934
    y: 70.0
    z: 254.75308783491397
    yaw: -186.59984
    pitch: 42.75001
godmode: false
