lastAccountName: apple
timestamps:
  login: 1586671985754
  logout: 1586657026799
  lastteleport: 1586672168336
ipAddress: 127.0.0.1
logoutlocation:
  world: world
  x: -284.05974350406456
  y: 117.89213045501485
  z: 1829.9200220596715
  yaw: -314.09125
  pitch: 27.899954
afk: true
lastlocation:
  world: world
  x: -305.62767023749626
  y: 79.0
  z: -1053.3144189117381
  yaw: 232.16107
  pitch: 28.350079
homes:
  apple:
    world: world
    x: 212.4158408340934
    y: 70.0
    z: 254.75308783491397
    yaw: -186.59984
    pitch: 42.75001
godmode: true
