lastAccountName: apple
timestamps:
  login: 1586261528242
  logout: 1586255231844
  lastteleport: 1586262666123
ipAddress: 127.0.0.1
logoutlocation:
  world: world
  x: 243.30595958019506
  y: 65.0
  z: 2839.320179649453
  yaw: -75.927155
  pitch: 20.999273
afk: false
lastlocation:
  world: world
  x: 593.0714382706483
  y: 63.0
  z: -205.22188394467253
  yaw: 325.31897
  pitch: 15.599941
homes:
  apple:
    world: world
    x: 212.4158408340934
    y: 70.0
    z: 254.75308783491397
    yaw: -186.59984
    pitch: 42.75001
godmode: false
