lastAccountName: apple
timestamps:
  login: 1586616503853
  logout: 1586616500073
  lastteleport: 1586618656402
ipAddress: 127.0.0.1
logoutlocation:
  world: world
  x: -216.7186800655755
  y: 74.0
  z: -973.706032602716
  yaw: 178.83276
  pitch: 13.049983
afk: false
lastlocation:
  world: world
  x: 540.6999999880791
  y: 67.50154162022288
  z: 707.3000000119209
  yaw: 261.5336
  pitch: 18.30033
homes:
  apple:
    world: world
    x: 212.4158408340934
    y: 70.0
    z: 254.75308783491397
    yaw: -186.59984
    pitch: 42.75001
godmode: true
