lastAccountName: apple
timestamps:
  login: 1587456508060
  logout: 1587456505126
  lastteleport: 1587457465341
ipAddress: 127.0.0.1
logoutlocation:
  world: world_yucsh
  x: 5.111466292344424
  y: 66.0
  z: 43.25568120742944
  yaw: -359.54947
  pitch: 49.950012
afk: true
lastlocation:
  world: world
  x: -1519.6098068281956
  y: 107.94238598057832
  z: 748.415934197827
  yaw: -320.773
  pitch: 16.950012
homes:
  apple:
    world: world
    x: 212.4158408340934
    y: 70.0
    z: 254.75308783491397
    yaw: -186.59984
    pitch: 42.75001
godmode: false
