lastAccountName: apple
timestamps:
  login: 1587310314869
  logout: 1587286855886
  lastteleport: 1587310347804
ipAddress: 61.216.179.32
logoutlocation:
  world: world
  x: -740.0636394534997
  y: 11.27422650592425
  z: 52.6382386885433
  yaw: 297.9005
  pitch: -1.80001
afk: true
lastlocation:
  world: world
  x: -223.94999998807907
  y: 111.0
  z: -1060.012499988079
  yaw: -178.99753
  pitch: 22.17129
homes:
  apple:
    world: world
    x: 212.4158408340934
    y: 70.0
    z: 254.75308783491397
    yaw: -186.59984
    pitch: 42.75001
godmode: false
