lastAccountName: apple
timestamps:
  login: 1587557171470
  logout: 1587544975135
  lastteleport: 1587559261768
ipAddress: 61.216.179.32
logoutlocation:
  world: world
  x: -293.0989172833283
  y: 111.1105313757384
  z: -1103.7621102064347
  yaw: 323.33127
  pitch: 18.149946
afk: false
lastlocation:
  world: world_china
  x: 4649.5606205997365
  y: 71.3659603777524
  z: 41.99154287077979
  yaw: 102.74915
  pitch: 22.350033
homes:
  apple:
    world: world
    x: 212.4158408340934
    y: 70.0
    z: 254.75308783491397
    yaw: -186.59984
    pitch: 42.75001
godmode: false
