lastAccountName: apple
timestamps:
  login: 1586671985754
  logout: 1586674088705
  lastteleport: 1586672168336
ipAddress: 127.0.0.1
logoutlocation:
  world: world
  x: -1284.4851626523744
  y: 91.3053382531378
  z: 3207.4565702027653
  yaw: 267.10736
  pitch: 19.800003
afk: false
lastlocation:
  world: world
  x: -305.62767023749626
  y: 79.0
  z: -1053.3144189117381
  yaw: 232.16107
  pitch: 28.350079
homes:
  apple:
    world: world
    x: 212.4158408340934
    y: 70.0
    z: 254.75308783491397
    yaw: -186.59984
    pitch: 42.75001
godmode: true
