lastAccountName: apple
timestamps:
  login: 1587564339946
  logout: 1587559858390
  lastteleport: 1587567381991
ipAddress: 61.216.179.32
logoutlocation:
  world: world
  x: -223.44534195330195
  y: 111.0
  z: -1059.708630715635
  yaw: 215.70003
  pitch: -89.7
afk: true
lastlocation:
  world: world
  x: 543.7651389595965
  y: 70.99407927102008
  z: 750.0285795035228
  yaw: -38.144653
  pitch: 11.051184
homes:
  apple:
    world: world
    x: 212.4158408340934
    y: 70.0
    z: 254.75308783491397
    yaw: -186.59984
    pitch: 42.75001
godmode: false
