lastAccountName: apple
timestamps:
  login: 1586964785896
  logout: 1586950250428
  lastteleport: 1586965275444
ipAddress: 127.0.0.1
logoutlocation:
  world: world
  x: -214.41361902446587
  y: 66.0
  z: -615.0701861955171
  yaw: 121.949936
  pitch: 10.949976
afk: false
lastlocation:
  world: world
  x: -223.94999998807907
  y: 111.0
  z: -1060.012499988079
  yaw: -232.65001
  pitch: 62.549976
homes:
  apple:
    world: world
    x: 212.4158408340934
    y: 70.0
    z: 254.75308783491397
    yaw: -186.59984
    pitch: 42.75001
godmode: false
