lastAccountName: apple
timestamps:
  login: 1586435291039
  logout: 1586435690248
  lastteleport: 1586435583069
ipAddress: 127.0.0.1
logoutlocation:
  world: world
  x: 1012.0130984386359
  y: 114.53760873527479
  z: 369.3446035917633
  yaw: -38.249516
  pitch: 23.249998
afk: false
lastlocation:
  world: world_nether
  x: 12.315700949312697
  y: 68.0
  z: 232.15800479878433
  yaw: 305.26434
  pitch: 20.85002
homes:
  apple:
    world: world
    x: 212.4158408340934
    y: 70.0
    z: 254.75308783491397
    yaw: -186.59984
    pitch: 42.75001
godmode: false
