lastAccountName: apple
timestamps:
  login: 1587277809440
  logout: 1587286855886
  lastteleport: 1587285786514
ipAddress: 127.0.0.1
logoutlocation:
  world: world
  x: -740.0636394534997
  y: 11.27422650592425
  z: 52.6382386885433
  yaw: 297.9005
  pitch: -1.80001
afk: false
lastlocation:
  world: world
  x: -365.94125105628643
  y: 20.30998099216594
  z: -1093.0932664979894
  yaw: -75.16345
  pitch: 19.799967
homes:
  apple:
    world: world
    x: 212.4158408340934
    y: 70.0
    z: 254.75308783491397
    yaw: -186.59984
    pitch: 42.75001
godmode: false
