lastAccountName: apple
timestamps:
  login: 1586423724078
  logout: 1586362518071
  lastteleport: 1586426408136
ipAddress: 127.0.0.1
logoutlocation:
  world: world
  x: -640.9501199914594
  y: 94.62260896944632
  z: 749.0859230178164
  yaw: 310.74036
  pitch: 23.9125
afk: true
lastlocation:
  world: world
  x: 212.4158408340934
  y: 70.0
  z: 254.75308783491397
  yaw: -288.1498
  pitch: -4.499989
homes:
  apple:
    world: world
    x: 212.4158408340934
    y: 70.0
    z: 254.75308783491397
    yaw: -186.59984
    pitch: 42.75001
godmode: false
