lastAccountName: apple
timestamps:
  login: 1587447564118
  logout: 1587414730876
  lastteleport: 1587447713015
ipAddress: 127.0.0.1
logoutlocation:
  world: world
  x: 620.6039768581229
  y: 74.0
  z: -120.36038405630441
  yaw: 3.9858072
  pitch: 29.550014
afk: false
lastlocation:
  world: world
  x: -223.5
  y: 111.0000002
  z: -1059.5
  yaw: -1.9500009
  pitch: -14.849994
homes:
  apple:
    world: world
    x: 212.4158408340934
    y: 70.0
    z: 254.75308783491397
    yaw: -186.59984
    pitch: 42.75001
godmode: false
