lastAccountName: apple
timestamps:
  login: 1588912670086
  logout: 1588913697405
  lastteleport: 1588414022332
ipAddress: 61.216.179.32
logoutlocation:
  world: world_china
  x: -1308.2299642587275
  y: 74.9399897423136
  z: -45.59445461394024
  yaw: 139.6502
  pitch: 13.200003
afk: false
lastlocation:
  world: world_china
  x: 4712.134778001027
  y: 79.0984249211759
  z: -12.62169217909578
  yaw: 82.65082
  pitch: 9.450053
homes:
  apple:
    world: world
    x: 212.4158408340934
    y: 70.0
    z: 254.75308783491397
    yaw: -186.59984
    pitch: 42.75001
godmode: false
