lastAccountName: apple
timestamps:
  login: 1587564339946
  logout: 1587570462053
  lastteleport: 1587567381991
ipAddress: 61.216.179.32
logoutlocation:
  world: world_yucsh
  x: 34.28820335019371
  y: 118.30723711876847
  z: 245.6607322854548
  yaw: 82.64993
  pitch: 13.3499565
afk: false
lastlocation:
  world: world
  x: 543.7651389595965
  y: 70.99407927102008
  z: 750.0285795035228
  yaw: -38.144653
  pitch: 11.051184
homes:
  apple:
    world: world
    x: 212.4158408340934
    y: 70.0
    z: 254.75308783491397
    yaw: -186.59984
    pitch: 42.75001
godmode: false
