lastAccountName: apple
timestamps:
  login: 1587564339946
  logout: 1587559858390
  lastteleport: 1587566219553
ipAddress: 61.216.179.32
logoutlocation:
  world: world
  x: -223.44534195330195
  y: 111.0
  z: -1059.708630715635
  yaw: 215.70003
  pitch: -89.7
afk: false
lastlocation:
  world: world
  x: 500.43925309005533
  y: 50.263929352144466
  z: 655.8752713886126
  yaw: 33.968506
  pitch: 24.749842
homes:
  apple:
    world: world
    x: 212.4158408340934
    y: 70.0
    z: 254.75308783491397
    yaw: -186.59984
    pitch: 42.75001
godmode: false
