lastAccountName: apple
timestamps:
  login: 1586616503853
  logout: 1586657026799
  lastteleport: 1586656849049
ipAddress: 127.0.0.1
logoutlocation:
  world: world
  x: -284.05974350406456
  y: 117.89213045501485
  z: 1829.9200220596715
  yaw: -314.09125
  pitch: 27.899954
afk: false
lastlocation:
  world: world
  x: -1472.115509030955
  y: 125.90568258062169
  z: -906.6619528077869
  yaw: -133.80382
  pitch: 58.04948
homes:
  apple:
    world: world
    x: 212.4158408340934
    y: 70.0
    z: 254.75308783491397
    yaw: -186.59984
    pitch: 42.75001
godmode: true
