lastAccountName: apple
timestamps:
  login: 1586423724078
  logout: 1586362518071
  lastteleport: 1586423807794
ipAddress: 127.0.0.1
logoutlocation:
  world: world
  x: -640.9501199914594
  y: 94.62260896944632
  z: 749.0859230178164
  yaw: 310.74036
  pitch: 23.9125
afk: true
lastlocation:
  world: world
  x: 76.06723303194813
  y: 88.21975998727449
  z: 803.8625000119209
  yaw: -172.20023
  pitch: 41.549965
homes:
  apple:
    world: world
    x: 212.4158408340934
    y: 70.0
    z: 254.75308783491397
    yaw: -186.59984
    pitch: 42.75001
godmode: false
