lastAccountName: apple
timestamps:
  login: 1587010553383
  logout: 1586966868630
  lastteleport: 1586965275444
ipAddress: 127.0.0.1
logoutlocation:
  world: world
  x: 714.7172607629022
  y: 82.25003166100063
  z: 819.5886571908054
  yaw: -229.43367
  pitch: 46.174637
afk: false
lastlocation:
  world: world
  x: -223.94999998807907
  y: 111.0
  z: -1060.012499988079
  yaw: -232.65001
  pitch: 62.549976
homes:
  apple:
    world: world
    x: 212.4158408340934
    y: 70.0
    z: 254.75308783491397
    yaw: -186.59984
    pitch: 42.75001
godmode: false
