lastAccountName: apple
timestamps:
  login: 1587448988849
  logout: 1587448824391
  lastteleport: 1587449341207
ipAddress: 127.0.0.1
logoutlocation:
  world: world
  x: 959.3000000119209
  y: 53.0
  z: 95.69999998807907
  yaw: 69.683655
  pitch: 7.500188
afk: true
lastlocation:
  world: world
  x: -223.5
  y: 111.0000002
  z: -1059.5
  yaw: -34.649998
  pitch: -14.700001
homes:
  apple:
    world: world
    x: 212.4158408340934
    y: 70.0
    z: 254.75308783491397
    yaw: -186.59984
    pitch: 42.75001
godmode: false
