lastAccountName: apple
timestamps:
  login: 1587049514083
  logout: 1587051070537
  lastteleport: 1587050902935
ipAddress: 127.0.0.1
logoutlocation:
  world: world
  x: 359.93233357679264
  y: 63.0
  z: 782.7995697111636
  yaw: 156.55048
  pitch: 23.700596
afk: false
lastlocation:
  world: world
  x: -223.5
  y: 111.0000002
  z: -1059.5
  yaw: 0.0
  pitch: 0.0
homes:
  apple:
    world: world
    x: 212.4158408340934
    y: 70.0
    z: 254.75308783491397
    yaw: -186.59984
    pitch: 42.75001
godmode: false
