lastAccountName: apple
timestamps:
  login: 1586276275683
  logout: 1586276274277
  lastteleport: 1586284407551
ipAddress: 127.0.0.1
logoutlocation:
  world: world
  x: 217.9808510501914
  y: 69.0
  z: 264.3469830438697
  yaw: 74.7001
  pitch: 29.54999
afk: true
lastlocation:
  world: world
  x: 601.8135460889883
  y: 65.0
  z: 755.8538566431017
  yaw: 89.8527
  pitch: 34.049957
homes:
  apple:
    world: world
    x: 212.4158408340934
    y: 70.0
    z: 254.75308783491397
    yaw: -186.59984
    pitch: 42.75001
godmode: false
