lastAccountName: apple
timestamps:
  login: 1586717290037
  logout: 1586722850595
  lastteleport: 1586717560036
ipAddress: 127.0.0.1
logoutlocation:
  world: world
  x: -242.87032684791626
  y: 99.7123867450869
  z: -1056.2246884387148
  yaw: 210.18307
  pitch: 52.649994
afk: false
lastlocation:
  world: world
  x: 616.9396063056604
  y: 64.0
  z: 773.3946816495312
  yaw: -174.58606
  pitch: 8.249975
homes:
  apple:
    world: world
    x: 212.4158408340934
    y: 70.0
    z: 254.75308783491397
    yaw: -186.59984
    pitch: 42.75001
godmode: false
