lastAccountName: apple
timestamps:
  login: 1586446965415
  logout: 1586448366787
  lastteleport: 1586447990289
ipAddress: 127.0.0.1
logoutlocation:
  world: world
  x: -234.19760597679547
  y: 120.0
  z: -1066.1317013470978
  yaw: 334.64423
  pitch: -19.649965
afk: false
lastlocation:
  world: world
  x: -129.30000001192093
  y: 84.0
  z: -1109.7292624954082
  yaw: 290.99368
  pitch: 10.0505
homes:
  apple:
    world: world
    x: 212.4158408340934
    y: 70.0
    z: 254.75308783491397
    yaw: -186.59984
    pitch: 42.75001
godmode: false
