lastAccountName: apple
timestamps:
  login: 1587272911569
  logout: 1587051070537
  lastteleport: 1587274346706
ipAddress: 127.0.0.1
logoutlocation:
  world: world
  x: 359.93233357679264
  y: 63.0
  z: 782.7995697111636
  yaw: 156.55048
  pitch: 23.700596
afk: true
lastlocation:
  world: world
  x: -364.3707917493823
  y: 69.0
  z: -1143.0616207710514
  yaw: 302.85016
  pitch: 7.049988
homes:
  apple:
    world: world
    x: 212.4158408340934
    y: 70.0
    z: 254.75308783491397
    yaw: -186.59984
    pitch: 42.75001
godmode: false
