lastAccountName: apple
timestamps:
  login: 1586341451453
  logout: 1586341489383
  lastteleport: 1586323693478
ipAddress: 127.0.0.1
logoutlocation:
  world: world
  x: 602.2992771181682
  y: 65.0
  z: 749.3000000119209
  yaw: 204.4817
  pitch: 20.250015
afk: false
lastlocation:
  world: world
  x: 564.3781906344598
  y: 11.0
  z: 652.6999999880791
  yaw: -13.468905
  pitch: 12.300007
homes:
  apple:
    world: world
    x: 212.4158408340934
    y: 70.0
    z: 254.75308783491397
    yaw: -186.59984
    pitch: 42.75001
godmode: false
