lastAccountName: apple
timestamps:
  login: 1586747165583
  logout: 1586751481723
  lastteleport: 1586750245457
ipAddress: 127.0.0.1
logoutlocation:
  world: world
  x: -18.867880005706077
  y: 103.06490923098744
  z: -1149.227183290544
  yaw: -281.8498
  pitch: 69.45004
afk: false
lastlocation:
  world: world_china
  x: -29.366000975997828
  y: 92.86468000997144
  z: 2.5006020982114787
  yaw: -157.05019
  pitch: 59.250046
homes:
  apple:
    world: world
    x: 212.4158408340934
    y: 70.0
    z: 254.75308783491397
    yaw: -186.59984
    pitch: 42.75001
godmode: false
