lastAccountName: apple
timestamps:
  login: 1586248418631
  logout: 1586255231844
  lastteleport: 1586255055915
ipAddress: 127.0.0.1
logoutlocation:
  world: world
  x: 243.30595958019506
  y: 65.0
  z: 2839.320179649453
  yaw: -75.927155
  pitch: 20.999273
afk: false
lastlocation:
  world: world
  x: 615.5362553604588
  y: 70.98998534764516
  z: 762.400388673317
  yaw: 32.592445
  pitch: 69.30004
homes:
  apple:
    world: world
    x: 212.4158408340934
    y: 70.0
    z: 254.75308783491397
    yaw: -186.59984
    pitch: 42.75001
godmode: false
