lastAccountName: apple
timestamps:
  login: 1586717290037
  logout: 1586707289751
  lastteleport: 1586717560036
ipAddress: 127.0.0.1
logoutlocation:
  world: world
  x: 1078.5750016968532
  y: 75.0
  z: 751.4521590913578
  yaw: 180.60814
  pitch: 19.050047
afk: true
lastlocation:
  world: world
  x: 616.9396063056604
  y: 64.0
  z: 773.3946816495312
  yaw: -174.58606
  pitch: 8.249975
homes:
  apple:
    world: world
    x: 212.4158408340934
    y: 70.0
    z: 254.75308783491397
    yaw: -186.59984
    pitch: 42.75001
godmode: false
