lastAccountName: apple
timestamps:
  login: 1587544735530
  logout: 1587544975135
  lastteleport: 1587544951614
ipAddress: 127.0.0.1
logoutlocation:
  world: world
  x: -293.0989172833283
  y: 111.1105313757384
  z: -1103.7621102064347
  yaw: 323.33127
  pitch: 18.149946
afk: false
lastlocation:
  world: world
  x: -247.30000001192093
  y: 89.0
  z: -1042.6889433277702
  yaw: 274.5863
  pitch: 73.79977
homes:
  apple:
    world: world
    x: 212.4158408340934
    y: 70.0
    z: 254.75308783491397
    yaw: -186.59984
    pitch: 42.75001
godmode: false
