lastAccountName: apple
timestamps:
  login: 1587583189226
  logout: 1587584370363
  lastteleport: 1587582022282
ipAddress: 61.216.179.32
logoutlocation:
  world: world_yucsh
  x: -37.71534023863
  y: 68.90056713749668
  z: 269.0977154724297
  yaw: 61.9494
  pitch: 12.450007
afk: false
lastlocation:
  world: world
  x: -235.04514737926996
  y: 105.56814694612262
  z: -1059.94564898548
  yaw: 264.7345
  pitch: 22.8
homes:
  apple:
    world: world
    x: 212.4158408340934
    y: 70.0
    z: 254.75308783491397
    yaw: -186.59984
    pitch: 42.75001
godmode: false
