lastAccountName: apple
timestamps:
  login: 1586346776888
  logout: 1586362518071
  lastteleport: 1586362150763
ipAddress: 127.0.0.1
logoutlocation:
  world: world
  x: -640.9501199914594
  y: 94.62260896944632
  z: 749.0859230178164
  yaw: 310.74036
  pitch: 23.9125
afk: false
lastlocation:
  world: world
  x: 362.29232974840096
  y: 64.0
  z: 775.8592066206436
  yaw: 289.38916
  pitch: 4.0500073
homes:
  apple:
    world: world
    x: 212.4158408340934
    y: 70.0
    z: 254.75308783491397
    yaw: -186.59984
    pitch: 42.75001
godmode: false
