lastAccountName: apple
timestamps:
  login: 1586446965415
  logout: 1586446586391
  lastteleport: 1586447258860
ipAddress: 127.0.0.1
logoutlocation:
  world: world
  x: -276.53784472925673
  y: 64.0
  z: -1178.817562997191
  yaw: 209.66759
  pitch: 19.651413
afk: false
lastlocation:
  world: world
  x: 212.22988140956954
  y: 50.74140809218286
  z: 251.68835750328853
  yaw: -184.34985
  pitch: 43.80002
homes:
  apple:
    world: world
    x: 212.4158408340934
    y: 70.0
    z: 254.75308783491397
    yaw: -186.59984
    pitch: 42.75001
godmode: false
