lastAccountName: apple
timestamps:
  login: 1587466548745
  logout: 1587459744495
  lastteleport: 1587466579616
ipAddress: 127.0.0.1
logoutlocation:
  world: world
  x: 219.5
  y: 69.0
  z: 265.5
  yaw: -17.013733
  pitch: 70.35001
afk: true
lastlocation:
  world: world
  x: 221.9579715826548
  y: 54.61812609234494
  z: 253.9006354388134
  yaw: 96.086235
  pitch: -58.799984
homes:
  apple:
    world: world
    x: 212.4158408340934
    y: 70.0
    z: 254.75308783491397
    yaw: -186.59984
    pitch: 42.75001
godmode: false
