lastAccountName: apple
timestamps:
  login: 1586607853480
  logout: 1586608296949
  lastteleport: 1586608265346
ipAddress: 61.216.179.32
logoutlocation:
  world: world
  x: -216.7186800655755
  y: 110.62967811119515
  z: -973.706032602716
  yaw: 180.93275
  pitch: 6.899984
afk: false
lastlocation:
  world: world
  x: -269.69999998807907
  y: 91.0
  z: -1013.4163978851619
  yaw: 43.832825
  pitch: 17.69998
homes:
  apple:
    world: world
    x: 212.4158408340934
    y: 70.0
    z: 254.75308783491397
    yaw: -186.59984
    pitch: 42.75001
godmode: false
