lastAccountName: JerryU29
timestamps:
  login: 1586684430345
  logout: 1586680286020
  lastteleport: 1586680261044
ipAddress: 49.159.80.132
lastlocation:
  world: world_nether
  x: 65.89076830303706
  y: 69.0
  z: -413.35234225855277
  yaw: -185.25394
  pitch: 13.350045
logoutlocation:
  world: world
  x: -220.09146555773918
  y: 104.0
  z: -1089.904746690823
  yaw: 351.90015
  pitch: 11.69999
homes:
  home:
    world: world
    x: -221.40575554153514
    y: 104.0
    z: -1074.19670952962
    yaw: 256.95004
    pitch: 5.2499957
afk: false
