lastAccountName: JerryU29
timestamps:
  login: 1588436665476
  logout: 1588441992258
  lastteleport: 1588441841241
ipAddress: 49.159.80.132
lastlocation:
  world: world
  x: -23.475525716034916
  y: 10.0
  z: -1117.1966117346144
  yaw: -26.697327
  pitch: 34.200104
logoutlocation:
  world: world
  x: 585.7190049140735
  y: 68.0
  z: 843.2386870695086
  yaw: 227.72656
  pitch: 9.149462
homes:
  home:
    world: world
    x: -221.40575554153514
    y: 104.0
    z: -1074.19670952962
    yaw: 256.95004
    pitch: 5.2499957
afk: false
