lastAccountName: JerryU29
timestamps:
  login: 1586874986762
  logout: 1586888808932
  lastteleport: 1586876951939
ipAddress: 49.159.80.132
lastlocation:
  world: world
  x: -278.42985564540976
  y: 80.69873939161886
  z: -1032.428001721167
  yaw: 130.16339
  pitch: 37.95002
logoutlocation:
  world: world
  x: -226.20451698732762
  y: 111.5625
  z: -1091.3289219707774
  yaw: -29.293762
  pitch: 18.59928
homes:
  home:
    world: world
    x: -221.40575554153514
    y: 104.0
    z: -1074.19670952962
    yaw: 256.95004
    pitch: 5.2499957
afk: false
