lastAccountName: JerryU29
timestamps:
  login: 1586688013447
  logout: 1586685525216
  lastteleport: 1586680261044
ipAddress: 49.159.80.132
lastlocation:
  world: world_nether
  x: 65.89076830303706
  y: 69.0
  z: -413.35234225855277
  yaw: -185.25394
  pitch: 13.350045
logoutlocation:
  world: world
  x: -218.7826797067319
  y: 104.0
  z: -1091.5024417575726
  yaw: -136.34668
  pitch: 6.3003335
homes:
  home:
    world: world
    x: -221.40575554153514
    y: 104.0
    z: -1074.19670952962
    yaw: 256.95004
    pitch: 5.2499957
afk: true
