lastAccountName: JerryU29
timestamps:
  login: 1586601703597
  logout: 1586601594994
  lastteleport: 1586599469759
ipAddress: 49.159.80.132
lastlocation:
  world: world
  x: -187.34745843672232
  y: 79.0
  z: -1038.0118763190244
  yaw: -194.16089
  pitch: 72.7499
logoutlocation:
  world: world
  x: -230.56729830663912
  y: 104.0
  z: -1065.9107593224185
  yaw: -143.14343
  pitch: 7.6499743
homes:
  home:
    world: world
    x: -221.40575554153514
    y: 104.0
    z: -1074.19670952962
    yaw: 256.95004
    pitch: 5.2499957
