lastAccountName: JerryU29
timestamps:
  login: 1587478117031
  logout: 1587492848506
  lastteleport: 1587483821475
ipAddress: 49.159.80.132
lastlocation:
  world: world
  x: 211.30560731914346
  y: 70.59684982519516
  z: -2634.553557783906
  yaw: -352.98303
  pitch: 18.149971
logoutlocation:
  world: world
  x: -225.0678489435526
  y: 111.5625
  z: -1091.699999988079
  yaw: -4.0636597
  pitch: -7.3499193
homes:
  home:
    world: world
    x: -221.40575554153514
    y: 104.0
    z: -1074.19670952962
    yaw: 256.95004
    pitch: 5.2499957
afk: false
