lastAccountName: JerryU29
timestamps:
  login: 1587143182421
  logout: 1587060398803
  lastteleport: 1587147734479
ipAddress: 49.159.80.132
lastlocation:
  world: world
  x: -197.82294482188303
  y: 79.0
  z: -1068.2247474805893
  yaw: -132.59683
  pitch: 16.200075
logoutlocation:
  world: world
  x: -225.19539459827254
  y: 111.0
  z: -1090.6415044459386
  yaw: -201.44641
  pitch: 39.599804
homes:
  home:
    world: world
    x: -221.40575554153514
    y: 104.0
    z: -1074.19670952962
    yaw: 256.95004
    pitch: 5.2499957
afk: false
