lastAccountName: JerryU29
timestamps:
  login: 1587143182421
  logout: 1587149874520
  lastteleport: 1587149494692
ipAddress: 49.159.80.132
lastlocation:
  world: world
  x: -3572.9661361905437
  y: 89.84231133136423
  z: 2849.0570087165906
  yaw: -72.80127
  pitch: 26.249828
logoutlocation:
  world: world
  x: -225.13779771857668
  y: 111.0
  z: -1090.300000011921
  yaw: -68.24951
  pitch: 10.949956
homes:
  home:
    world: world
    x: -221.40575554153514
    y: 104.0
    z: -1074.19670952962
    yaw: 256.95004
    pitch: 5.2499957
afk: false
