lastAccountName: JerryU29
timestamps:
  login: 1587047663274
  logout: 1586888808932
  lastteleport: 1587048347848
ipAddress: 49.159.80.132
lastlocation:
  world: world
  x: -455.8894432103852
  y: 93.12462533429488
  z: -690.4443110934992
  yaw: -159.94348
  pitch: 19.349709
logoutlocation:
  world: world
  x: -226.20451698732762
  y: 111.5625
  z: -1091.3289219707774
  yaw: -29.293762
  pitch: 18.59928
homes:
  home:
    world: world
    x: -221.40575554153514
    y: 104.0
    z: -1074.19670952962
    yaw: 256.95004
    pitch: 5.2499957
afk: false
