lastAccountName: JerryU29
timestamps:
  login: 1586535600681
  logout: 1586539844400
  lastteleport: 1586537002603
ipAddress: 49.159.80.132
lastlocation:
  world: world
  x: -214.5985757290387
  y: 104.5625
  z: -1070.0704907930408
  yaw: -141.75003
  pitch: 25.950003
logoutlocation:
  world: world
  x: -219.98489841894548
  y: 104.0
  z: -1088.8335872880423
  yaw: -5.930664
  pitch: 13.799767
