lastAccountName: JerryU29
timestamps:
  login: 1586688013447
  logout: 1586685525216
  lastteleport: 1586694701236
ipAddress: 49.159.80.132
lastlocation:
  world: world
  x: -290.7090703763481
  y: 78.0
  z: -1041.061445862891
  yaw: -84.180824
  pitch: 14.849121
logoutlocation:
  world: world
  x: -218.7826797067319
  y: 104.0
  z: -1091.5024417575726
  yaw: -136.34668
  pitch: 6.3003335
homes:
  home:
    world: world
    x: -221.40575554153514
    y: 104.0
    z: -1074.19670952962
    yaw: 256.95004
    pitch: 5.2499957
afk: false
