lastAccountName: JerryU29
timestamps:
  login: 1587047663274
  logout: 1587060398803
  lastteleport: 1587057252049
ipAddress: 49.159.80.132
lastlocation:
  world: world
  x: -420.96726924575614
  y: 87.73187904679573
  z: -729.2938001478481
  yaw: -105.34296
  pitch: 23.849728
logoutlocation:
  world: world
  x: -225.19539459827254
  y: 111.0
  z: -1090.6415044459386
  yaw: -201.44641
  pitch: 39.599804
homes:
  home:
    world: world
    x: -221.40575554153514
    y: 104.0
    z: -1074.19670952962
    yaw: 256.95004
    pitch: 5.2499957
afk: false
