lastAccountName: JerryU29
timestamps:
  login: 1586688013447
  logout: 1586720379031
  lastteleport: 1586719451597
ipAddress: 49.159.80.132
lastlocation:
  world: world
  x: -284.30600207327143
  y: 69.0
  z: -1056.4742891578273
  yaw: -19.951416
  pitch: -6.9002237
logoutlocation:
  world: world
  x: -222.1975894339494
  y: 105.0
  z: -1095.6963075898846
  yaw: -8.160278
  pitch: 8.399981
homes:
  home:
    world: world
    x: -221.40575554153514
    y: 104.0
    z: -1074.19670952962
    yaw: 256.95004
    pitch: 5.2499957
afk: false
