lastAccountName: JerryU29
timestamps:
  login: 1587210126762
  logout: 1587209409884
  lastteleport: 1587209354794
ipAddress: 49.159.80.132
lastlocation:
  world: world
  x: -570.0113523070008
  y: 75.59959592897268
  z: -726.9936790714372
  yaw: -358.80554
  pitch: 25.950008
logoutlocation:
  world: world
  x: -221.74322596519875
  y: 104.5625
  z: -1081.824999988079
  yaw: 286.65033
  pitch: 28.950008
homes:
  home:
    world: world
    x: -221.40575554153514
    y: 104.0
    z: -1074.19670952962
    yaw: 256.95004
    pitch: 5.2499957
afk: false
