lastAccountName: JerryU29
timestamps:
  login: 1587659138744
  logout: 1587663543450
  lastteleport: 1587483821475
ipAddress: 49.159.80.132
lastlocation:
  world: world
  x: 211.30560731914346
  y: 70.59684982519516
  z: -2634.553557783906
  yaw: -352.98303
  pitch: 18.149971
logoutlocation:
  world: world
  x: -224.98053052376386
  y: 111.5625
  z: -1091.5372985900951
  yaw: -347.18213
  pitch: -20.09907
homes:
  home:
    world: world
    x: -221.40575554153514
    y: 104.0
    z: -1074.19670952962
    yaw: 256.95004
    pitch: 5.2499957
afk: false
