lastAccountName: JerryU29
timestamps:
  login: 1586615686621
  logout: 1586615679752
  lastteleport: 1586614875147
ipAddress: 49.159.80.132
lastlocation:
  world: world
  x: -256.5193772691159
  y: 80.0
  z: -1016.4213818628806
  yaw: 78.7566
  pitch: 18.30012
logoutlocation:
  world: world
  x: -224.56846804989272
  y: 104.0
  z: -1085.557665469438
  yaw: -298.7666
  pitch: 18.149626
homes:
  home:
    world: world
    x: -221.40575554153514
    y: 104.0
    z: -1074.19670952962
    yaw: 256.95004
    pitch: 5.2499957
afk: true
