lastAccountName: JerryU29
timestamps:
  login: 1586670838516
  logout: 1586616329241
  lastteleport: 1586675020320
ipAddress: 49.159.80.132
lastlocation:
  world: world
  x: -219.73976170594392
  y: 104.0
  z: -1090.8797724802487
  yaw: 230.69922
  pitch: 25.649973
logoutlocation:
  world: world
  x: -220.96376349381862
  y: 104.5
  z: -1098.0388246456987
  yaw: -215.37805
  pitch: 34.649517
homes:
  home:
    world: world
    x: -221.40575554153514
    y: 104.0
    z: -1074.19670952962
    yaw: 256.95004
    pitch: 5.2499957
afk: false
