lastAccountName: JerryU29
timestamps:
  login: 1587226292390
  logout: 1587232362674
  lastteleport: 1587232241795
ipAddress: 49.159.80.132
lastlocation:
  world: world
  x: -469.2520859210925
  y: 86.1199463808069
  z: -1101.857052265625
  yaw: -206.10278
  pitch: 40.949936
logoutlocation:
  world: world
  x: -224.93919705552426
  y: 111.5625
  z: -1091.2261815113063
  yaw: 28.80008
  pitch: 27.450012
homes:
  home:
    world: world
    x: -221.40575554153514
    y: 104.0
    z: -1074.19670952962
    yaw: 256.95004
    pitch: 5.2499957
afk: false
