lastAccountName: JerryU29
timestamps:
  login: 1587195211249
  logout: 1587149874520
  lastteleport: 1587199221794
ipAddress: 49.159.80.132
lastlocation:
  world: world
  x: -219.03362793872466
  y: 104.0
  z: -1084.7477923793704
  yaw: 12.751337
  pitch: 20.24995
logoutlocation:
  world: world
  x: -225.13779771857668
  y: 111.0
  z: -1090.300000011921
  yaw: -68.24951
  pitch: 10.949956
homes:
  home:
    world: world
    x: -221.40575554153514
    y: 104.0
    z: -1074.19670952962
    yaw: 256.95004
    pitch: 5.2499957
afk: false
