lastAccountName: JerryU29
timestamps:
  login: 1587047663274
  logout: 1586888808932
  lastteleport: 1587057252049
ipAddress: 49.159.80.132
lastlocation:
  world: world
  x: -420.96726924575614
  y: 87.73187904679573
  z: -729.2938001478481
  yaw: -105.34296
  pitch: 23.849728
logoutlocation:
  world: world
  x: -226.20451698732762
  y: 111.5625
  z: -1091.3289219707774
  yaw: -29.293762
  pitch: 18.59928
homes:
  home:
    world: world
    x: -221.40575554153514
    y: 104.0
    z: -1074.19670952962
    yaw: 256.95004
    pitch: 5.2499957
afk: false
