lastAccountName: JerryU29
timestamps:
  login: 1586535600681
  logout: 1586535592727
ipAddress: 49.159.80.132
lastlocation:
  world: world
  x: 212.0
  y: 65.0
  z: 271.0
  yaw: 0.0
  pitch: 0.0
logoutlocation:
  world: world
  x: 565.3000000119209
  y: 64.0
  z: -604.1465050394503
  yaw: -184.70848
  pitch: 21.899952
