lastAccountName: JerryU29
timestamps:
  login: 1586601703597
  logout: 1586601594994
  lastteleport: 1586599469759
ipAddress: 49.159.80.132
lastlocation:
  world: world
  x: -227.99306093581873
  y: 104.0
  z: -1071.1165504072949
  yaw: 191.2503
  pitch: 8.700006
logoutlocation:
  world: world
  x: -230.56729830663912
  y: 104.0
  z: -1065.9107593224185
  yaw: -143.14343
  pitch: 7.6499743
homes:
  home:
    world: world
    x: -221.40575554153514
    y: 104.0
    z: -1074.19670952962
    yaw: 256.95004
    pitch: 5.2499957
