lastAccountName: JerryU29
timestamps:
  login: 1586601703597
  logout: 1586601594994
  lastteleport: 1586612183067
ipAddress: 49.159.80.132
lastlocation:
  world: world
  x: -186.35275760052858
  y: 78.0
  z: -1058.0245402949797
  yaw: -309.15094
  pitch: 3.8999622
logoutlocation:
  world: world
  x: -230.56729830663912
  y: 104.0
  z: -1065.9107593224185
  yaw: -143.14343
  pitch: 7.6499743
homes:
  home:
    world: world
    x: -221.40575554153514
    y: 104.0
    z: -1074.19670952962
    yaw: 256.95004
    pitch: 5.2499957
