lastAccountName: JerryU29
timestamps:
  login: 1587478117031
  logout: 1587478114525
  lastteleport: 1587479445544
ipAddress: 49.159.80.132
lastlocation:
  world: world
  x: -268.8710378918426
  y: 137.5
  z: -1010.9004464874732
  yaw: -9.921509
  pitch: -6.1498594
logoutlocation:
  world: world
  x: -224.93919705552426
  y: 111.5625
  z: -1091.2261815113063
  yaw: 28.80008
  pitch: 27.450012
homes:
  home:
    world: world
    x: -221.40575554153514
    y: 104.0
    z: -1074.19670952962
    yaw: 256.95004
    pitch: 5.2499957
afk: false
