lastAccountName: mx90498793
timestamps:
  login: 1587287286310
  logout: 1587290895318
  lastteleport: 1587290753033
ipAddress: 115.165.227.248
lastlocation:
  world: world
  x: 218.94481090588684
  y: 81.60693679002668
  z: 325.7544097117595
  yaw: -353.6134
  pitch: 36.600006
logoutlocation:
  world: world_old
  x: 212.4787146209187
  y: 68.0
  z: 95.6768115329415
  yaw: -149.38239
  pitch: 31.799368
afk: false
