lastAccountName: mx90498793
timestamps:
  login: 1587287286310
  logout: 1587197389107
  lastteleport: 1587287805846
ipAddress: 115.165.227.248
lastlocation:
  world: world
  x: 220.5131329090965
  y: 68.0
  z: 268.81647025036955
  yaw: 25.286274
  pitch: 10.199973
logoutlocation:
  world: world
  x: 219.9054935496738
  y: 69.0
  z: 265.3333320191694
  yaw: 102.23541
  pitch: 37.34986
afk: true
