lastAccountName: mx90498793
timestamps:
  login: 1587735396476
  logout: 1587705566894
  lastteleport: 1587736125669
ipAddress: 115.165.227.248
lastlocation:
  world: world
  x: -174.2680796671576
  y: 83.24906555185233
  z: -1048.818422237954
  yaw: 210.39221
  pitch: 17.69983
logoutlocation:
  world: world
  x: -1610.588638083564
  y: 66.0
  z: 466.5494881726057
  yaw: -93.60295
  pitch: 9.600085
afk: false
homes:
  home:
    world: world
    x: 491.7881555349462
    y: 70.0
    z: -1215.8757983551234
    yaw: 192.02003
    pitch: 37.049118
