lastAccountName: mx90498793
timestamps:
  login: 1587369974804
  logout: 1587371301547
  lastteleport: 1587371086971
ipAddress: 115.165.227.248
lastlocation:
  world: world
  x: 110.08550609622515
  y: 89.29970201502962
  z: -842.442687522262
  yaw: 279.4495
  pitch: 21.000067
logoutlocation:
  world: world
  x: 492.1720601890895
  y: 70.0
  z: -1204.5438375628983
  yaw: -268.78757
  pitch: 47.550465
afk: false
homes:
  home:
    world: world
    x: 491.7881555349462
    y: 70.0
    z: -1215.8757983551234
    yaw: 192.02003
    pitch: 37.049118
