lastAccountName: mx90498793
timestamps:
  login: 1587294109090
  logout: 1587294318759
  lastteleport: 1587290753033
ipAddress: 115.165.227.248
lastlocation:
  world: world
  x: 218.94481090588684
  y: 81.60693679002668
  z: 325.7544097117595
  yaw: -353.6134
  pitch: 36.600006
logoutlocation:
  world: world_old
  x: 58.68391820521681
  y: 95.47615281621242
  z: 302.54229025965003
  yaw: 32.41971
  pitch: 34.199314
afk: false
