lastAccountName: mx90498793
timestamps:
  login: 1587696977744
  logout: 1587677619134
  lastteleport: 1587462067376
ipAddress: 115.165.227.248
lastlocation:
  world: world
  x: -1614.9312237574864
  y: 67.0
  z: 464.9117451771576
  yaw: -51.46341
  pitch: 80.54992
logoutlocation:
  world: world
  x: -1611.699999988079
  y: 66.0
  z: 466.30000001192093
  yaw: -267.01184
  pitch: 8.849918
afk: true
homes:
  home:
    world: world
    x: 491.7881555349462
    y: 70.0
    z: -1215.8757983551234
    yaw: 192.02003
    pitch: 37.049118
