lastAccountName: mx90498793
timestamps:
  login: 1587908364831
  logout: 1587908458646
  lastteleport: 1587787510927
ipAddress: 115.165.227.248
lastlocation:
  world: world
  x: 668.9999254676519
  y: 63.04847681852611
  z: 605.5506919037276
  yaw: 86.40756
  pitch: 33.899834
logoutlocation:
  world: world
  x: 567.8096090132282
  y: 64.20000004768372
  z: 652.6999999880791
  yaw: -86.36352
  pitch: 4.3123116
afk: false
homes:
  home:
    world: world
    x: 491.7881555349462
    y: 70.0
    z: -1215.8757983551234
    yaw: 192.02003
    pitch: 37.049118
