lastAccountName: mx90498793
timestamps:
  login: 1587359193053
  logout: 1587359596018
  lastteleport: 1587359232368
ipAddress: 115.165.227.248
lastlocation:
  world: world_old
  x: -1.2875993526456062
  y: 82.99323530006211
  z: 176.20300684107332
  yaw: 147.46469
  pitch: 16.349195
logoutlocation:
  world: world
  x: -323.42700323359236
  y: 81.50166612783123
  z: -1032.2273842216462
  yaw: 290.2738
  pitch: 33.299694
afk: false
