lastAccountName: mx90498793
timestamps:
  login: 1587626574986
  logout: 1587462182218
  lastteleport: 1587462067376
ipAddress: 115.165.227.248
lastlocation:
  world: world
  x: -1615.609260231266
  y: 66.0
  z: 466.12686888540577
  yaw: -10.328003
  pitch: -0.0013142452
logoutlocation:
  world: world
  x: 30.522489431875947
  y: 79.0
  z: -927.548453970471
  yaw: 255.16345
  pitch: 33.15013
afk: false
homes:
  home:
    world: world
    x: 491.7881555349462
    y: 70.0
    z: -1215.8757983551234
    yaw: 192.02003
    pitch: 37.049118
