lastAccountName: mx90498793
timestamps:
  login: 1587626574986
  logout: 1587638764368
  lastteleport: 1587462067376
ipAddress: 115.165.227.248
lastlocation:
  world: world
  x: -1636.6128461762798
  y: 63.200000047683716
  z: 511.36833398720484
  yaw: -65.40314
  pitch: 51.450127
logoutlocation:
  world: world
  x: -1610.699999988079
  y: 66.0
  z: 466.6976982696867
  yaw: 264.60117
  pitch: 10.9498005
afk: false
homes:
  home:
    world: world
    x: 491.7881555349462
    y: 70.0
    z: -1215.8757983551234
    yaw: 192.02003
    pitch: 37.049118
