lastAccountName: mx90498793
timestamps:
  login: 1587626574986
  logout: 1587462182218
  lastteleport: 1587462067376
ipAddress: 115.165.227.248
lastlocation:
  world: world
  x: 601.2266859880414
  y: 119.0259456128077
  z: -1285.1650690581155
  yaw: 69.615204
  pitch: 42.1505
logoutlocation:
  world: world
  x: 30.522489431875947
  y: 79.0
  z: -927.548453970471
  yaw: 255.16345
  pitch: 33.15013
afk: false
homes:
  home:
    world: world
    x: 491.7881555349462
    y: 70.0
    z: -1215.8757983551234
    yaw: 192.02003
    pitch: 37.049118
