lastAccountName: mx90498793
timestamps:
  login: 1587786419708
  logout: 1587788518184
  lastteleport: 1587787510927
ipAddress: 115.165.227.248
lastlocation:
  world: world
  x: 668.9999254676519
  y: 63.04847681852611
  z: 605.5506919037276
  yaw: 86.40756
  pitch: 33.899834
logoutlocation:
  world: world
  x: 543.5903608916269
  y: 90.20000004768372
  z: 798.6835646824927
  yaw: 303.92035
  pitch: 32.548832
afk: false
homes:
  home:
    world: world
    x: 491.7881555349462
    y: 70.0
    z: -1215.8757983551234
    yaw: 192.02003
    pitch: 37.049118
