lastAccountName: mx90498793
timestamps:
  login: 1587197366949
  logout: 1587197389107
ipAddress: 115.165.227.248
lastlocation:
  world: world
  x: 212.0
  y: 65.0
  z: 271.0
  yaw: 0.0
  pitch: 0.0
logoutlocation:
  world: world
  x: 219.9054935496738
  y: 69.0
  z: 265.3333320191694
  yaw: 102.23541
  pitch: 37.34986
