lastAccountName: mx90498793
timestamps:
  login: 1587696977744
  logout: 1587677619134
  lastteleport: 1587702036956
ipAddress: 115.165.227.248
lastlocation:
  world: world
  x: -160.05852207310383
  y: 79.0
  z: -1075.9855505769083
  yaw: 152.787
  pitch: 12.299737
logoutlocation:
  world: world
  x: -1611.699999988079
  y: 66.0
  z: 466.30000001192093
  yaw: -267.01184
  pitch: 8.849918
afk: false
homes:
  home:
    world: world
    x: 491.7881555349462
    y: 70.0
    z: -1215.8757983551234
    yaw: 192.02003
    pitch: 37.049118
