lastAccountName: mx90498793
timestamps:
  login: 1587657763029
  logout: 1587677619134
  lastteleport: 1587462067376
ipAddress: 115.165.227.248
lastlocation:
  world: world
  x: -1609.925000011921
  y: 66.0
  z: 466.4825308109167
  yaw: 267.77344
  pitch: 18.899801
logoutlocation:
  world: world
  x: -1611.699999988079
  y: 66.0
  z: 466.30000001192093
  yaw: -267.01184
  pitch: 8.849918
afk: false
homes:
  home:
    world: world
    x: 491.7881555349462
    y: 70.0
    z: -1215.8757983551234
    yaw: 192.02003
    pitch: 37.049118
