lastAccountName: Fred_Yeh
timestamps:
  login: 1591101793505
  logout: 1591101882555
  lastteleport: 1591101271683
ipAddress: 49.158.130.65
lastlocation:
  world: world
  x: 212.73966122703402
  y: 69.5
  z: 257.5657242042399
  yaw: 2.3370361
  pitch: 14.549908
logoutlocation:
  world: world
  x: 261.1023723396987
  y: 63.0
  z: 1471.4509142076909
  yaw: -14.051392
  pitch: 23.100111
