lastAccountName: Fred_Yeh
timestamps:
  login: 1590759803230
  logout: 1590759827105
ipAddress: 49.158.130.65
lastlocation:
  world: world
  x: 212.0
  y: 65.0
  z: 271.0
  yaw: 0.0
  pitch: 0.0
logoutlocation:
  world: world
  x: 219.5
  y: 69.0
  z: 265.5
  yaw: -6.3636727
  pitch: 28.500015
