lastAccountName: Fred_Yeh
timestamps:
  login: 1591789241868
  logout: 1591524359584
  lastteleport: 1591789283024
ipAddress: 49.158.130.65
lastlocation:
  world: world
  x: 258.82878996419527
  y: 63.0
  z: 1474.3784517408153
  yaw: 183.4484
  pitch: 16.200052
logoutlocation:
  world: world
  x: 257.84014056470545
  y: 63.0
  z: 1463.875634912625
  yaw: 172.34882
  pitch: 6.4499316
afk: false
homes:
  home:
    world: world
    x: 258.7223098942549
    y: 63.0
    z: 1475.9120058933056
    yaw: 42.45019
    pitch: 29.699966
