lastAccountName: Fred_Yeh
timestamps:
  login: 1591100944655
  logout: 1591101727468
  lastteleport: 1591101271683
ipAddress: 49.158.130.65
lastlocation:
  world: world
  x: 212.73966122703402
  y: 69.5
  z: 257.5657242042399
  yaw: 2.3370361
  pitch: 14.549908
logoutlocation:
  world: world
  x: 259.6000856172016
  y: 63.0
  z: 1474.1786261929988
  yaw: 241.5476
  pitch: 11.850031
