lastAccountName: Fred_Yeh
timestamps:
  login: 1594899233121
  logout: 1594899382352
  lastteleport: 1594899371887
ipAddress: 49.158.130.65
lastlocation:
  world: world_nether
  x: 116.37173613104488
  y: 53.0
  z: -263.54139465735574
  yaw: -3.63401
  pitch: 15.600242
logoutlocation:
  world: world
  x: 258.8464816255275
  y: 63.0
  z: 1469.2730061752823
  yaw: 171.6002
  pitch: 4.799982
afk: false
homes:
  home:
    world: world
    x: 258.7223098942549
    y: 63.0
    z: 1475.9120058933056
    yaw: 42.45019
    pitch: 29.699966
