lastAccountName: OChinBo
timestamps:
  login: 1586410158831
  logout: 1586410097350
  lastteleport: 1586402824387
ipAddress: 123.194.137.234
logoutlocation:
  world: world
  x: 590.5184089139905
  y: 62.0
  z: 673.2229643570533
  yaw: -232.10345
  pitch: 7.351727
lastlocation:
  world: world
  x: 603.1127288388759
  y: 35.0
  z: 668.630081753368
  yaw: 83.55597
  pitch: 66.75084
afk: false
homes:
  home:
    world: world
    x: 593.2694482313025
    y: 62.0
    z: 656.5361459992098
    yaw: -298.80417
    pitch: 40.500668
