lastAccountName: OChinBo
timestamps:
  login: 1586866437386
  logout: 1586869604882
  lastteleport: 1586792423252
ipAddress: 123.194.137.234
logoutlocation:
  world: creative
  x: -634.1343842013661
  y: 70.0
  z: -114.91112509140288
  yaw: 74.70117
  pitch: -2.8506365
lastlocation:
  world: world
  x: -272.36048050086265
  y: 114.61933177039387
  z: -1362.8941071688969
  yaw: -247.93268
  pitch: 72.149765
afk: false
homes:
  home:
    world: world
    x: 593.2694482313025
    y: 62.0
    z: 656.5361459992098
    yaw: -298.80417
    pitch: 40.500668
