lastAccountName: OChinBo
timestamps:
  login: 1586694837729
  logout: 1586692634487
  lastteleport: 1586692409210
ipAddress: 123.194.137.234
logoutlocation:
  world: world
  x: 588.9457691099104
  y: 62.0
  z: 665.8708061892505
  yaw: -140.55309
  pitch: 17.549623
lastlocation:
  world: world
  x: 2389.799400269582
  y: 85.0
  z: 1655.0722054290686
  yaw: 239.7062
  pitch: 21.000586
afk: false
homes:
  home:
    world: world
    x: 593.2694482313025
    y: 62.0
    z: 656.5361459992098
    yaw: -298.80417
    pitch: 40.500668
