lastAccountName: OChinBo
timestamps:
  login: 1586396952944
  logout: 1586352688712
  lastteleport: 1586351960030
ipAddress: 123.194.137.234
logoutlocation:
  world: world
  x: 591.3103084966887
  y: 62.0
  z: 673.0592687712891
  yaw: -33.74402
  pitch: 28.049334
lastlocation:
  world: world
  x: 570.1595623411688
  y: 64.0
  z: 684.8507587726361
  yaw: 342.85846
  pitch: 13.349993
afk: false
homes:
  home:
    world: world
    x: 593.2694482313025
    y: 62.0
    z: 656.5361459992098
    yaw: -298.80417
    pitch: 40.500668
