lastAccountName: OChinBo
timestamps:
  login: 1586536289185
  logout: 1586534935600
  lastteleport: 1586463710910
ipAddress: 123.194.137.234
logoutlocation:
  world: creative
  x: 51.29098263948862
  y: 107.03203783941966
  z: 455.02366851348535
  yaw: 37.191742
  pitch: 70.350334
lastlocation:
  world: world_nether
  x: 150.0093057426929
  y: 54.28840694596401
  z: -70.69999998807907
  yaw: 151.12135
  pitch: 70.65033
afk: true
homes:
  home:
    world: world
    x: 593.2694482313025
    y: 62.0
    z: 656.5361459992098
    yaw: -298.80417
    pitch: 40.500668
