lastAccountName: OChinBo
timestamps:
  login: 1586434427335
  logout: 1586416607987
  lastteleport: 1586439686459
ipAddress: 123.194.137.234
logoutlocation:
  world: world
  x: 602.6999999880791
  y: 63.0
  z: 668.3000000119209
  yaw: -271.08298
  pitch: 28.049799
lastlocation:
  world: world_nether
  x: -346.69999998807907
  y: 14.0
  z: 442.02307525799625
  yaw: -154.66515
  pitch: 22.649202
afk: false
homes:
  home:
    world: world
    x: 593.2694482313025
    y: 62.0
    z: 656.5361459992098
    yaw: -298.80417
    pitch: 40.500668
