lastAccountName: OChinBo
timestamps:
  login: 1586713067393
  logout: 1586713057245
  lastteleport: 1586713111353
ipAddress: 123.194.137.234
logoutlocation:
  world: creative
  x: -652.1705323066128
  y: 70.0
  z: -127.74666306548258
  yaw: 165.87402
  pitch: 19.199722
lastlocation:
  world: creative
  x: -130.5649652197893
  y: 129.3570442992776
  z: 396.4733004691197
  yaw: -46.19995
  pitch: 49.05012
afk: false
homes:
  home:
    world: world
    x: 593.2694482313025
    y: 62.0
    z: 656.5361459992098
    yaw: -298.80417
    pitch: 40.500668
