lastAccountName: OChinBo
timestamps:
  login: 1586786027896
  logout: 1586716736193
  lastteleport: 1586792423252
ipAddress: 123.194.137.234
logoutlocation:
  world: world
  x: 588.357059926947
  y: 62.0
  z: 670.1484257882909
  yaw: -41.40164
  pitch: 7.6506696
lastlocation:
  world: world
  x: -272.36048050086265
  y: 114.61933177039387
  z: -1362.8941071688969
  yaw: -247.93268
  pitch: 72.149765
afk: false
homes:
  home:
    world: world
    x: 593.2694482313025
    y: 62.0
    z: 656.5361459992098
    yaw: -298.80417
    pitch: 40.500668
