lastAccountName: OChinBo
timestamps:
  login: 1586786027896
  logout: 1586793820707
  lastteleport: 1586792423252
ipAddress: 123.194.137.234
logoutlocation:
  world: world
  x: 590.9714425415151
  y: 62.0
  z: 664.7502412728686
  yaw: -137.71881
  pitch: 25.500074
lastlocation:
  world: world
  x: -272.36048050086265
  y: 114.61933177039387
  z: -1362.8941071688969
  yaw: -247.93268
  pitch: 72.149765
afk: false
homes:
  home:
    world: world
    x: 593.2694482313025
    y: 62.0
    z: 656.5361459992098
    yaw: -298.80417
    pitch: 40.500668
