lastAccountName: OChinBo
timestamps:
  login: 1586434427335
  logout: 1586442488596
  lastteleport: 1586442192956
ipAddress: 123.194.137.234
logoutlocation:
  world: world
  x: 589.158428419711
  y: 62.0
  z: 668.4194411370501
  yaw: 112.442184
  pitch: 6.3002224
lastlocation:
  world: world_nether
  x: -270.1922907891383
  y: 75.875
  z: 591.3117021025356
  yaw: 329.0564
  pitch: 22.050745
afk: false
homes:
  home:
    world: world
    x: 593.2694482313025
    y: 62.0
    z: 656.5361459992098
    yaw: -298.80417
    pitch: 40.500668
