lastAccountName: OChinBo
timestamps:
  login: 1586410158831
  logout: 1586416607987
  lastteleport: 1586415285255
ipAddress: 123.194.137.234
logoutlocation:
  world: world
  x: 602.6999999880791
  y: 63.0
  z: 668.3000000119209
  yaw: -271.08298
  pitch: 28.049799
lastlocation:
  world: world
  x: -222.61631183317908
  y: 111.0
  z: -1071.1891024922268
  yaw: 161.39264
  pitch: 14.400072
afk: false
homes:
  home:
    world: world
    x: 593.2694482313025
    y: 62.0
    z: 656.5361459992098
    yaw: -298.80417
    pitch: 40.500668
