lastAccountName: OChinBo
timestamps:
  login: 1586488598897
  logout: 1586468942491
  lastteleport: 1586463710910
ipAddress: 123.194.137.234
logoutlocation:
  world: world
  x: 691.2645691504107
  y: 73.5356531130163
  z: 826.730144856991
  yaw: 187.6958
  pitch: 65.69975
lastlocation:
  world: world_nether
  x: 150.0093057426929
  y: 54.28840694596401
  z: -70.69999998807907
  yaw: 151.12135
  pitch: 70.65033
afk: false
homes:
  home:
    world: world
    x: 593.2694482313025
    y: 62.0
    z: 656.5361459992098
    yaw: -298.80417
    pitch: 40.500668
