lastAccountName: OChinBo
timestamps:
  login: 1586523336740
  logout: 1586507425970
  lastteleport: 1586463710910
ipAddress: 123.194.137.234
logoutlocation:
  world: world
  x: 706.7159249808288
  y: 68.0
  z: 772.5269513096869
  yaw: 347.34546
  pitch: 21.44964
lastlocation:
  world: world_nether
  x: 150.0093057426929
  y: 54.28840694596401
  z: -70.69999998807907
  yaw: 151.12135
  pitch: 70.65033
afk: false
homes:
  home:
    world: world
    x: 593.2694482313025
    y: 62.0
    z: 656.5361459992098
    yaw: -298.80417
    pitch: 40.500668
