lastAccountName: OChinBo
timestamps:
  login: 1586694837729
  logout: 1586692634487
  lastteleport: 1586695950813
ipAddress: 123.194.137.234
logoutlocation:
  world: world
  x: 588.9457691099104
  y: 62.0
  z: 665.8708061892505
  yaw: -140.55309
  pitch: 17.549623
lastlocation:
  world: world
  x: 439.63197567622524
  y: 81.36692371489738
  z: 512.169856933526
  yaw: 4.5006037
  pitch: 29.39995
afk: false
homes:
  home:
    world: world
    x: 593.2694482313025
    y: 62.0
    z: 656.5361459992098
    yaw: -298.80417
    pitch: 40.500668
