lastAccountName: OChinBo
timestamps:
  login: 1586341299744
  logout: 1586324678083
  lastteleport: 1586343937947
ipAddress: 123.194.137.234
logoutlocation:
  world: world
  x: 592.5290035280456
  y: 62.0
  z: 672.8966034139745
  yaw: 37.329803
  pitch: 12.749651
lastlocation:
  world: world
  x: 590.066596138585
  y: 62.0
  z: 663.5623129829028
  yaw: -329.54364
  pitch: 12.300718
afk: false
homes:
  home:
    world: world
    x: 593.2694482313025
    y: 62.0
    z: 656.5361459992098
    yaw: -298.80417
    pitch: 40.500668
