lastAccountName: OChinBo
timestamps:
  login: 1586321109167
  logout: 1586313901725
  lastteleport: 1586321729729
ipAddress: 123.194.137.234
logoutlocation:
  world: world
  x: 592.3748438708117
  y: 62.0
  z: 673.1431484480968
  yaw: 109.71173
  pitch: 7.0496917
lastlocation:
  world: world
  x: 586.1591116714244
  y: 71.0
  z: 668.9664228565613
  yaw: 331.99127
  pitch: 27.599888
afk: false
