lastAccountName: OChinBo
timestamps:
  login: 1586341299744
  logout: 1586324678083
  lastteleport: 1586321729729
ipAddress: 123.194.137.234
logoutlocation:
  world: world
  x: 592.5290035280456
  y: 62.0
  z: 672.8966034139745
  yaw: 37.329803
  pitch: 12.749651
lastlocation:
  world: world
  x: 586.1591116714244
  y: 71.0
  z: 668.9664228565613
  yaw: 331.99127
  pitch: 27.599888
afk: false
