lastAccountName: OChinBo
timestamps:
  login: 1586245354190
  logout: 1586245279362
  lastteleport: 1586246071702
ipAddress: 123.194.137.234
logoutlocation:
  world: world
  x: 583.9265362870069
  y: 62.0
  z: 667.0634397910491
  yaw: 261.35864
  pitch: 10.949527
lastlocation:
  world: world
  x: -238.47937841612244
  y: 77.0
  z: 882.8629939077791
  yaw: -146.90247
  pitch: 33.749317
afk: false
