lastAccountName: OChinBo
timestamps:
  login: 1586284856964
  logout: 1586284958072
  lastteleport: 1586284322547
ipAddress: 123.194.137.234
logoutlocation:
  world: world
  x: 588.3258314986384
  y: 62.0
  z: 670.7897109158934
  yaw: -70.85419
  pitch: 23.249632
lastlocation:
  world: world
  x: 592.4494941035227
  y: 66.0
  z: 743.998839568024
  yaw: -9.521106
  pitch: 12.150145
afk: false
