lastAccountName: OChinBo
timestamps:
  login: 1586245354190
  logout: 1586254740360
  lastteleport: 1586246071702
ipAddress: 123.194.137.234
logoutlocation:
  world: world
  x: 589.606132057959
  y: 62.0
  z: 669.7508101786823
  yaw: 339.4287
  pitch: 18.149904
lastlocation:
  world: world
  x: -238.47937841612244
  y: 77.0
  z: 882.8629939077791
  yaw: -146.90247
  pitch: 33.749317
afk: false
