lastAccountName: OChinBo
timestamps:
  login: 1586307834331
  logout: 1586284958072
  lastteleport: 1586309732833
ipAddress: 123.194.137.234
logoutlocation:
  world: world
  x: 588.3258314986384
  y: 62.0
  z: 670.7897109158934
  yaw: -70.85419
  pitch: 23.249632
lastlocation:
  world: world
  x: -1414.226508367729
  y: 68.0
  z: 578.6598093879757
  yaw: -353.63156
  pitch: 4.4997444
afk: false
