lastAccountName: OChinBo
timestamps:
  login: 1586608078252
  logout: 1586536933299
  lastteleport: 1586463710910
ipAddress: 123.194.137.234
logoutlocation:
  world: creative
  x: 763.5433595419954
  y: 78.0
  z: 785.4848796102893
  yaw: -155.6934
  pitch: 26.399414
lastlocation:
  world: world_nether
  x: 150.0093057426929
  y: 54.28840694596401
  z: -70.69999998807907
  yaw: 151.12135
  pitch: 70.65033
afk: false
homes:
  home:
    world: world
    x: 593.2694482313025
    y: 62.0
    z: 656.5361459992098
    yaw: -298.80417
    pitch: 40.500668
