lastAccountName: OChinBo
timestamps:
  login: 1586713067393
  logout: 1586716736193
  lastteleport: 1586716725607
ipAddress: 123.194.137.234
logoutlocation:
  world: world
  x: 588.357059926947
  y: 62.0
  z: 670.1484257882909
  yaw: -41.40164
  pitch: 7.6506696
lastlocation:
  world: world
  x: 221.17058738629365
  y: 66.0
  z: 271.95064245720073
  yaw: 24.53598
  pitch: 12.149973
afk: false
homes:
  home:
    world: world
    x: 593.2694482313025
    y: 62.0
    z: 656.5361459992098
    yaw: -298.80417
    pitch: 40.500668
