lastAccountName: OChinBo
timestamps:
  login: 1586341299744
  logout: 1586324678083
  lastteleport: 1586349495545
ipAddress: 123.194.137.234
logoutlocation:
  world: world
  x: 592.5290035280456
  y: 62.0
  z: 672.8966034139745
  yaw: 37.329803
  pitch: 12.749651
lastlocation:
  world: world
  x: 561.0058165514093
  y: 71.0
  z: 655.5800857535426
  yaw: 6.274658
  pitch: 21.148542
afk: false
homes:
  home:
    world: world
    x: 593.2694482313025
    y: 62.0
    z: 656.5361459992098
    yaw: -298.80417
    pitch: 40.500668
