lastAccountName: OChinBo
timestamps:
  login: 1587156006487
  logout: 1587157903216
  lastteleport: 1586792423252
ipAddress: 123.194.137.234
logoutlocation:
  world: world
  x: 592.2899539870967
  y: 62.0
  z: 672.8812905918168
  yaw: 352.06885
  pitch: 18.74933
lastlocation:
  world: world
  x: -272.36048050086265
  y: 114.61933177039387
  z: -1362.8941071688969
  yaw: -247.93268
  pitch: 72.149765
afk: false
homes:
  home:
    world: world
    x: 593.2694482313025
    y: 62.0
    z: 656.5361459992098
    yaw: -298.80417
    pitch: 40.500668
