lastAccountName: OChinBo
timestamps:
  login: 1586341299744
  logout: 1586324678083
  lastteleport: 1586346105906
ipAddress: 123.194.137.234
logoutlocation:
  world: world
  x: 592.5290035280456
  y: 62.0
  z: 672.8966034139745
  yaw: 37.329803
  pitch: 12.749651
lastlocation:
  world: world
  x: 609.3000000119209
  y: 12.200000047683716
  z: 486.30000001192093
  yaw: -237.20425
  pitch: -4.3494453
afk: false
homes:
  home:
    world: world
    x: 593.2694482313025
    y: 62.0
    z: 656.5361459992098
    yaw: -298.80417
    pitch: 40.500668
