lastAccountName: OChinBo
timestamps:
  login: 1586690031210
  logout: 1586612653226
  lastteleport: 1586610240974
ipAddress: 123.194.137.234
logoutlocation:
  world: world
  x: 588.4436315456767
  y: 62.0
  z: 668.1294749708143
  yaw: 40.747437
  pitch: 17.249792
lastlocation:
  world: world
  x: 613.6999999880791
  y: 11.0
  z: 55.91129053573686
  yaw: -1.6035156
  pitch: 11.249651
afk: false
homes:
  home:
    world: world
    x: 593.2694482313025
    y: 62.0
    z: 656.5361459992098
    yaw: -298.80417
    pitch: 40.500668
