lastAccountName: OChinBo
timestamps:
  login: 1586396952944
  logout: 1586403047873
  lastteleport: 1586402824387
ipAddress: 123.194.137.234
logoutlocation:
  world: world
  x: 588.3739550217399
  y: 62.0
  z: 667.6212711141472
  yaw: -354.8871
  pitch: 23.700901
lastlocation:
  world: world
  x: 603.1127288388759
  y: 35.0
  z: 668.630081753368
  yaw: 83.55597
  pitch: 66.75084
afk: false
homes:
  home:
    world: world
    x: 593.2694482313025
    y: 62.0
    z: 656.5361459992098
    yaw: -298.80417
    pitch: 40.500668
