lastAccountName: OChinBo
timestamps:
  login: 1586406284892
  logout: 1586405125290
  lastteleport: 1586402824387
ipAddress: 123.194.137.234
logoutlocation:
  world: world
  x: 584.8636003945574
  y: 62.0
  z: 669.3735630699338
  yaw: -59.98474
  pitch: 8.400821
lastlocation:
  world: world
  x: 603.1127288388759
  y: 35.0
  z: 668.630081753368
  yaw: 83.55597
  pitch: 66.75084
afk: true
homes:
  home:
    world: world
    x: 593.2694482313025
    y: 62.0
    z: 656.5361459992098
    yaw: -298.80417
    pitch: 40.500668
