lastAccountName: OChinBo
timestamps:
  login: 1586313254999
  logout: 1586313253625
  lastteleport: 1586311393230
ipAddress: 123.194.137.234
logoutlocation:
  world: world
  x: 590.9567405708501
  y: 62.0
  z: 667.0730641651921
  yaw: -315.07666
  pitch: 14.099529
lastlocation:
  world: world
  x: -1433.300000011921
  y: 65.0
  z: 174.78352720866235
  yaw: 166.94574
  pitch: 27.000008
afk: false
