lastAccountName: OChinBo
timestamps:
  login: 1586321109167
  logout: 1586313901725
  lastteleport: 1586311393230
ipAddress: 123.194.137.234
logoutlocation:
  world: world
  x: 592.3748438708117
  y: 62.0
  z: 673.1431484480968
  yaw: 109.71173
  pitch: 7.0496917
lastlocation:
  world: world
  x: -1433.300000011921
  y: 65.0
  z: 174.78352720866235
  yaw: 166.94574
  pitch: 27.000008
afk: false
