lastAccountName: OChinBo
timestamps:
  login: 1586410158831
  logout: 1586410097350
  lastteleport: 1586414367549
ipAddress: 123.194.137.234
logoutlocation:
  world: world
  x: 590.5184089139905
  y: 62.0
  z: 673.2229643570533
  yaw: -232.10345
  pitch: 7.351727
lastlocation:
  world: world
  x: 596.6493485420712
  y: 43.0
  z: 662.3000000119209
  yaw: 204.1092
  pitch: 22.79998
afk: false
homes:
  home:
    world: world
    x: 593.2694482313025
    y: 62.0
    z: 656.5361459992098
    yaw: -298.80417
    pitch: 40.500668
