lastAccountName: Tofu_Iris
timestamps:
  login: 1587220760971
  logout: 1587221652678
  lastteleport: 1587221615981
ipAddress: 114.45.59.93
lastlocation:
  world: world
  x: 3788.3093382093653
  y: 121.24886957878903
  z: 3389.2572304742143
  yaw: -68.46771
  pitch: 52.65029
logoutlocation:
  world: world
  x: 3793.539802775026
  y: 117.87390337573729
  z: 3449.195993399646
  yaw: 195.23317
  pitch: 9.299939
afk: false
homes:
  home:
    world: world
    x: 3770.317493689542
    y: 121.0
    z: 3518.3377989175733
    yaw: 13.8830385
    pitch: -5.5500507
