lastAccountName: Tofu_Iris
timestamps:
  login: 1586614606582
  logout: 1586615457558
  lastteleport: 1586614770606
ipAddress: 114.43.93.80
lastlocation:
  world: world
  x: 253.46870372342653
  y: 69.0
  z: 352.94585729745216
  yaw: 277.43573
  pitch: 21.900026
logoutlocation:
  world: world
  x: 967.8155299165113
  y: 46.0
  z: 931.1327670406392
  yaw: 233.14612
  pitch: 22.650017
afk: false
