lastAccountName: mogoo
timestamps:
  login: 1586438457859
  logout: 1586440140744
ipAddress: 36.229.252.21
logoutlocation:
  world: world
  x: 268.90332522997386
  y: 69.9375
  z: -1112.9041986269558
  yaw: -248.66248
  pitch: 33.301304
