lastAccountName: mogoo
timestamps:
  login: 1586179621761
  logout: 1586181536581
ipAddress: 111.241.67.36
logoutlocation:
  world: world
  x: 653.4424846553638
  y: 34.0
  z: -1002.3000000119209
  yaw: -238.71082
  pitch: 7.950134
