lastAccountName: mogoo
timestamps:
  login: 1586346902842
  logout: 1586302873523
ipAddress: 111.241.67.36
logoutlocation:
  world: world
  x: 238.9759933638952
  y: 69.0
  z: 360.2047027081298
  yaw: -277.19757
  pitch: 29.250036
