lastAccountName: mogoo
timestamps:
  login: 1586616348601
  logout: 1586617796645
ipAddress: 36.230.148.65
logoutlocation:
  world: world
  x: 283.75409937086334
  y: 87.0
  z: 355.7744509409844
  yaw: -1.2329712
  pitch: 28.499603
