lastAccountName: mogoo
timestamps:
  login: 1586438457859
  logout: 1586350897281
ipAddress: 36.229.252.21
logoutlocation:
  world: world
  x: 272.2399033504558
  y: 70.0
  z: -1119.899688439019
  yaw: -4.57816
  pitch: 18.900126
