lastAccountName: mogoo
timestamps:
  login: 1586274654284
  logout: 1586276234653
ipAddress: 111.241.67.36
logoutlocation:
  world: world
  x: 424.485845486715
  y: 64.0
  z: 714.9920504537358
  yaw: -111.891846
  pitch: 12.450119
