lastAccountName: SpyCat005
timestamps:
  login: 1590217822796
  logout: 1589163967051
  lastteleport: 1590217917802
ipAddress: 203.77.40.61
lastlocation:
  world: world
  x: 2906.699999988079
  y: 40.0
  z: -2576.300000011921
  yaw: -78.80396
  pitch: 49.80005
logoutlocation:
  world: world
  x: 596.2700118939734
  y: 65.0
  z: 841.0884799534145
  yaw: 254.9136
  pitch: 13.950393
afk: false
homes:
  home:
    world: world
    x: 2876.5509573367754
    y: 53.0
    z: -2575.5003643933096
    yaw: 96.69577
    pitch: 82.35001
