lastAccountName: SpyCat005
timestamps:
  login: 1587178747667
  logout: 1587178721726
  lastteleport: 1587201593801
ipAddress: 115.165.227.248
lastlocation:
  world: world
  x: -700.2928258310678
  y: 61.0
  z: 182.88361900002002
  yaw: -273.60645
  pitch: 24.899271
logoutlocation:
  world: world
  x: 590.4085201368607
  y: 65.0
  z: 839.5350091768364
  yaw: -171.60031
  pitch: 22.80026
afk: false
