lastAccountName: SpyCat005
timestamps:
  login: 1587786329299
  logout: 1587795095558
  lastteleport: 1587793650208
ipAddress: 115.165.227.248
lastlocation:
  world: world
  x: 579.5
  y: 68.0000002
  z: 836.5
  yaw: -1.0500002
  pitch: -0.90000015
logoutlocation:
  world: world
  x: 585.6282178596614
  y: 70.15760980339938
  z: 836.8562161191866
  yaw: 5.553967
  pitch: 36.00056
afk: false
homes:
  home:
    world: world
    x: 2876.5509573367754
    y: 53.0
    z: -2575.5003643933096
    yaw: 96.69577
    pitch: 82.35001
