lastAccountName: SpyCat005
timestamps:
  login: 1590217822796
  logout: 1589163967051
  lastteleport: 1590222858253
ipAddress: 203.77.40.61
lastlocation:
  world: world
  x: 2905.936742007455
  y: 40.0
  z: -2576.3416583873154
  yaw: -114.80005
  pitch: 65.84926
logoutlocation:
  world: world
  x: 596.2700118939734
  y: 65.0
  z: 841.0884799534145
  yaw: 254.9136
  pitch: 13.950393
afk: false
homes:
  home:
    world: world
    x: 2876.5509573367754
    y: 53.0
    z: -2575.5003643933096
    yaw: 96.69577
    pitch: 82.35001
