lastAccountName: SpyCat005
timestamps:
  login: 1588976589741
  logout: 1588945730313
  lastteleport: 1589003966064
ipAddress: 203.77.40.61
lastlocation:
  world: world
  x: 2901.758717062602
  y: 37.0
  z: -2580.0430146428284
  yaw: 89.60754
  pitch: -15.750158
logoutlocation:
  world: world
  x: 591.2906809178392
  y: 65.0
  z: 841.74953758712
  yaw: 182.68549
  pitch: -3.1503708
afk: false
homes:
  home:
    world: world
    x: 2876.5509573367754
    y: 53.0
    z: -2575.5003643933096
    yaw: 96.69577
    pitch: 82.35001
