lastAccountName: SpyCat005
timestamps:
  login: 1588466244041
  logout: 1588442579369
  lastteleport: 1588488134841
ipAddress: 115.165.227.248
lastlocation:
  world: world
  x: 589.784183873794
  y: 56.0
  z: 829.7089678142308
  yaw: -350.28064
  pitch: 6.4317137E-4
logoutlocation:
  world: world
  x: 585.2767393628433
  y: 65.0
  z: 840.7010425198954
  yaw: -181.91467
  pitch: 12.000468
afk: false
homes:
  home:
    world: world
    x: 2876.5509573367754
    y: 53.0
    z: -2575.5003643933096
    yaw: 96.69577
    pitch: 82.35001
