lastAccountName: SpyCat005
timestamps:
  login: 1589089758149
  logout: 1589055334831
  lastteleport: 1589054369065
ipAddress: 203.77.40.61
lastlocation:
  world: world
  x: -286.88434591758335
  y: 56.62499986586408
  z: -871.9760879034965
  yaw: 184.6861
  pitch: 7.6507955
logoutlocation:
  world: world
  x: 594.8888451471516
  y: 99.03260177585312
  z: 852.5082683050144
  yaw: 233.55275
  pitch: 46.049652
afk: false
homes:
  home:
    world: world
    x: 2876.5509573367754
    y: 53.0
    z: -2575.5003643933096
    yaw: 96.69577
    pitch: 82.35001
