lastAccountName: SpyCat005
timestamps:
  login: 1589034392495
  logout: 1589036273241
  lastteleport: 1589030408665
ipAddress: 203.77.40.61
lastlocation:
  world: world
  x: -312.45048681988067
  y: 60.0
  z: -846.1165197824475
  yaw: -62.36482
  pitch: 22.350523
logoutlocation:
  world: world
  x: 1207.7535230074466
  y: 76.5693886050468
  z: 373.54727365885446
  yaw: 81.54443
  pitch: 17.249704
afk: false
homes:
  home:
    world: world
    x: 2876.5509573367754
    y: 53.0
    z: -2575.5003643933096
    yaw: 96.69577
    pitch: 82.35001
