lastAccountName: SpyCat005
timestamps:
  login: 1587137686704
  logout: 1586679522238
  lastteleport: 1587173977996
ipAddress: 115.165.227.248
lastlocation:
  world: world
  x: 358.37654580182783
  y: 64.0
  z: 796.0664303781626
  yaw: 82.684326
  pitch: 79.04989
logoutlocation:
  world: world
  x: 200.7831887461451
  y: 72.0
  z: 352.74658160172567
  yaw: -315.3583
  pitch: 25.79933
afk: false
