lastAccountName: SpyCat005
timestamps:
  login: 1587276873689
  logout: 1587276871901
  lastteleport: 1587282021217
ipAddress: 115.165.227.248
lastlocation:
  world: world
  x: 2903.699999988079
  y: 38.0
  z: -2579.699999988079
  yaw: 62.02689
  pitch: 78.90092
logoutlocation:
  world: world
  x: 602.5596443091165
  y: 65.0
  z: 833.9309991123816
  yaw: 315.6901
  pitch: -12.150361
afk: false
homes:
  home:
    world: world
    x: 2876.5509573367754
    y: 53.0
    z: -2575.5003643933096
    yaw: 96.69577
    pitch: 82.35001
