lastAccountName: SpyCat005
timestamps:
  login: 1593152732960
  logout: 1593153035717
  lastteleport: 1590227160903
ipAddress: 49.216.129.146
lastlocation:
  world: world
  x: 2905.8585476339713
  y: 40.0
  z: -2576.4806281739525
  yaw: 331.4998
  pitch: 89.40019
logoutlocation:
  world: world
  x: 580.8712557303655
  y: 73.5
  z: 835.4649947425061
  yaw: 38.44281
  pitch: -6.749862
afk: false
homes:
  home:
    world: world
    x: 2876.5509573367754
    y: 53.0
    z: -2575.5003643933096
    yaw: 96.69577
    pitch: 82.35001
