lastAccountName: SpyCat005
timestamps:
  login: 1586641520367
  logout: 1586654631943
  lastteleport: 1586641932259
ipAddress: 115.165.227.248
lastlocation:
  world: world
  x: 219.42409291358422
  y: 69.0
  z: 265.21730223244913
  yaw: -40.263798
  pitch: 51.899963
logoutlocation:
  world: world_survive
  x: 552.0750876749076
  y: 65.0
  z: 335.6482420640111
  yaw: 154.51024
  pitch: 32.849606
afk: false
