lastAccountName: SpyCat005
timestamps:
  login: 1589049984318
  logout: 1589052884934
  lastteleport: 1589050058715
ipAddress: 203.77.40.61
lastlocation:
  world: world
  x: -305.03393693937244
  y: 61.0
  z: -850.8250081565694
  yaw: 229.98654
  pitch: -31.199257
logoutlocation:
  world: world
  x: 583.5322365219758
  y: 65.875
  z: 830.9889157733159
  yaw: -359.8214
  pitch: 38.70053
afk: false
homes:
  home:
    world: world
    x: 2876.5509573367754
    y: 53.0
    z: -2575.5003643933096
    yaw: 96.69577
    pitch: 82.35001
