lastAccountName: SpyCat005
timestamps:
  login: 1587276873689
  logout: 1587276871901
  lastteleport: 1587277556866
ipAddress: 115.165.227.248
lastlocation:
  world: world
  x: -140.22909300864177
  y: 80.0
  z: -1091.347638511914
  yaw: -89.84161
  pitch: 30.150309
logoutlocation:
  world: world
  x: 602.5596443091165
  y: 65.0
  z: 833.9309991123816
  yaw: 315.6901
  pitch: -12.150361
afk: false
homes:
  home:
    world: world
    x: -188.29909682168315
    y: 79.0
    z: -1041.8136265620437
    yaw: -267.90167
    pitch: -22.950047
