lastAccountName: SpyCat005
timestamps:
  login: 1586071585088
  logout: 1586073666651
ipAddress: 115.165.227.248
lastlocation:
  world: world
  x: 212.0
  y: 65.0
  z: 271.0
  yaw: 0.0
  pitch: 0.0
logoutlocation:
  world: world_survive
  x: -115.00176647414801
  y: 54.0
  z: 162.89188687043824
  yaw: 203.90979
  pitch: -20.550024
