lastAccountName: SpyCat005
timestamps:
  login: 1588466244041
  logout: 1588494560107
  lastteleport: 1588492640392
ipAddress: 115.165.227.248
lastlocation:
  world: world_nether
  x: 364.2742350823964
  y: 60.0
  z: -322.3539650445212
  yaw: -123.56494
  pitch: -2.550188
logoutlocation:
  world: world
  x: 580.7292835440559
  y: 68.5625
  z: 837.7934797706771
  yaw: 296.23157
  pitch: -8.100572
afk: false
homes:
  home:
    world: world
    x: 2876.5509573367754
    y: 53.0
    z: -2575.5003643933096
    yaw: 96.69577
    pitch: 82.35001
