lastAccountName: SpyCat005
timestamps:
  login: 1588346640536
  logout: 1587881163829
  lastteleport: 1588371506844
ipAddress: 115.165.227.248
lastlocation:
  world: world
  x: 588.3000000119209
  y: 55.875
  z: 826.3691426301756
  yaw: 40.052673
  pitch: 23.849926
logoutlocation:
  world: world
  x: 128.7013414902182
  y: 115.0
  z: 1560.7582145794124
  yaw: -31.343122
  pitch: 62.09962
afk: false
homes:
  home:
    world: world
    x: 2876.5509573367754
    y: 53.0
    z: -2575.5003643933096
    yaw: 96.69577
    pitch: 82.35001
