lastAccountName: SpyCat005
timestamps:
  login: 1587786329299
  logout: 1587786290904
  lastteleport: 1587790579857
ipAddress: 115.165.227.248
lastlocation:
  world: world
  x: 2902.3673944123807
  y: 37.0
  z: -2579.0003810963676
  yaw: 58.298523
  pitch: 56.700027
logoutlocation:
  world: world
  x: 579.0873498704182
  y: 65.0
  z: 836.8610894320834
  yaw: -175.94441
  pitch: 34.49978
afk: false
homes:
  home:
    world: world
    x: 2876.5509573367754
    y: 53.0
    z: -2575.5003643933096
    yaw: 96.69577
    pitch: 82.35001
