lastAccountName: SpyCat005
timestamps:
  login: 1587137686704
  logout: 1586679522238
  lastteleport: 1586670705562
ipAddress: 115.165.227.248
lastlocation:
  world: world
  x: 535.6999999880791
  y: 68.0
  z: 1223.9127489205946
  yaw: 139.25974
  pitch: 11.548755
logoutlocation:
  world: world
  x: 200.7831887461451
  y: 72.0
  z: 352.74658160172567
  yaw: -315.3583
  pitch: 25.79933
afk: false
