lastAccountName: SpyCat005
timestamps:
  login: 1587137686704
  logout: 1586679522238
  lastteleport: 1586670705562
ipAddress: 115.165.227.248
lastlocation:
  world: world
  x: 376.1327930136425
  y: 61.111809996770134
  z: 812.7976979631219
  yaw: -23.715698
  pitch: -8.250269
logoutlocation:
  world: world
  x: 200.7831887461451
  y: 72.0
  z: 352.74658160172567
  yaw: -315.3583
  pitch: 25.79933
afk: false
