lastAccountName: SpyCat005
timestamps:
  login: 1590882677189
  logout: 1590883239444
  lastteleport: 1590227160903
ipAddress: 203.77.40.61
lastlocation:
  world: world
  x: 2905.8585476339713
  y: 40.0
  z: -2576.4806281739525
  yaw: 331.4998
  pitch: 89.40019
logoutlocation:
  world: world
  x: 591.424020633154
  y: 64.0
  z: 848.23083627031
  yaw: -74.704926
  pitch: 10.500123
afk: false
homes:
  home:
    world: world
    x: 2876.5509573367754
    y: 53.0
    z: -2575.5003643933096
    yaw: 96.69577
    pitch: 82.35001
