lastAccountName: SpyCat005
timestamps:
  login: 1587287067471
  logout: 1587276871901
  lastteleport: 1587289241391
ipAddress: 115.165.227.248
lastlocation:
  world: world
  x: 786.5440067617591
  y: 11.0
  z: 705.491023448584
  yaw: -184.4751
  pitch: 23.399965
logoutlocation:
  world: world
  x: 602.5596443091165
  y: 65.0
  z: 833.9309991123816
  yaw: 315.6901
  pitch: -12.150361
afk: false
homes:
  home:
    world: world
    x: 2876.5509573367754
    y: 53.0
    z: -2575.5003643933096
    yaw: 96.69577
    pitch: 82.35001
