lastAccountName: SpyCat005
timestamps:
  login: 1590217822796
  logout: 1590229925342
  lastteleport: 1590227160903
ipAddress: 203.77.40.61
lastlocation:
  world: world
  x: 2905.8585476339713
  y: 40.0
  z: -2576.4806281739525
  yaw: 331.4998
  pitch: 89.40019
logoutlocation:
  world: world
  x: 592.1776036505183
  y: 65.0
  z: 843.3599093301273
  yaw: -259.34656
  pitch: 14.100044
afk: false
homes:
  home:
    world: world
    x: 2876.5509573367754
    y: 53.0
    z: -2575.5003643933096
    yaw: 96.69577
    pitch: 82.35001
