lastAccountName: SpyCat005
timestamps:
  login: 1588976589741
  logout: 1588945730313
  lastteleport: 1588995421363
ipAddress: 203.77.40.61
lastlocation:
  world: world
  x: 590.5595031139372
  y: 56.0
  z: 830.979734167474
  yaw: 81.154785
  pitch: 39.299503
logoutlocation:
  world: world
  x: 591.2906809178392
  y: 65.0
  z: 841.74953758712
  yaw: 182.68549
  pitch: -3.1503708
afk: true
homes:
  home:
    world: world
    x: 2876.5509573367754
    y: 53.0
    z: -2575.5003643933096
    yaw: 96.69577
    pitch: 82.35001
