lastAccountName: SpyCat005
timestamps:
  login: 1588976589741
  logout: 1588945730313
  lastteleport: 1588991675715
ipAddress: 203.77.40.61
lastlocation:
  world: world
  x: 585.6007614345228
  y: 72.5
  z: 841.1999999880791
  yaw: 10.398786
  pitch: 15.149412
logoutlocation:
  world: world
  x: 591.2906809178392
  y: 65.0
  z: 841.74953758712
  yaw: 182.68549
  pitch: -3.1503708
afk: false
homes:
  home:
    world: world
    x: 2876.5509573367754
    y: 53.0
    z: -2575.5003643933096
    yaw: 96.69577
    pitch: 82.35001
