lastAccountName: SpyCat005
timestamps:
  login: 1587178747667
  logout: 1587178721726
  lastteleport: 1587189736499
ipAddress: 115.165.227.248
lastlocation:
  world: world
  x: 579.8823792261442
  y: 65.0
  z: 714.6999999880791
  yaw: -121.50034
  pitch: 18.149801
logoutlocation:
  world: world
  x: 590.4085201368607
  y: 65.0
  z: 839.5350091768364
  yaw: -171.60031
  pitch: 22.80026
afk: false
