lastAccountName: SpyCat005
timestamps:
  login: 1586670367525
  logout: 1586670731745
  lastteleport: 1586670705562
ipAddress: 115.165.227.248
lastlocation:
  world: world
  x: 219.42409291358422
  y: 69.0
  z: 265.21730223244913
  yaw: -17.013733
  pitch: 70.35001
logoutlocation:
  world: world_survive
  x: 367.6663204879461
  y: 40.0
  z: 208.09972554050046
  yaw: 24.898584
  pitch: -70.34929
afk: false
