lastAccountName: SpyCat005
timestamps:
  login: 1588466244041
  logout: 1588442579369
  lastteleport: 1588467487291
ipAddress: 115.165.227.248
lastlocation:
  world: world
  x: 2896.4327012198078
  y: 38.0
  z: -2575.399135289003
  yaw: 260.95108
  pitch: 24.749931
logoutlocation:
  world: world
  x: 585.2767393628433
  y: 65.0
  z: 840.7010425198954
  yaw: -181.91467
  pitch: 12.000468
afk: true
homes:
  home:
    world: world
    x: 2876.5509573367754
    y: 53.0
    z: -2575.5003643933096
    yaw: 96.69577
    pitch: 82.35001
