lastAccountName: SpyCat005
timestamps:
  login: 1588437147139
  logout: 1588442579369
  lastteleport: 1588440322292
ipAddress: 115.165.227.248
lastlocation:
  world: world_nether
  x: 363.23750001192093
  y: 60.0
  z: -321.67458034569984
  yaw: -169.42963
  pitch: 18.750061
logoutlocation:
  world: world
  x: 585.2767393628433
  y: 65.0
  z: 840.7010425198954
  yaw: -181.91467
  pitch: 12.000468
afk: false
homes:
  home:
    world: world
    x: 2876.5509573367754
    y: 53.0
    z: -2575.5003643933096
    yaw: 96.69577
    pitch: 82.35001
