lastAccountName: SpyCat005
timestamps:
  login: 1587813603353
  logout: 1587821626613
  lastteleport: 1587821300188
ipAddress: 115.165.227.248
lastlocation:
  world: world
  x: 2903.699999988079
  y: 37.0
  z: -2578.699999988079
  yaw: 73.56861
  pitch: 8.700427
logoutlocation:
  world: world
  x: 584.6928727832696
  y: 55.0
  z: 826.6999999880791
  yaw: -297.60907
  pitch: 18.449903
afk: false
homes:
  home:
    world: world
    x: 2876.5509573367754
    y: 53.0
    z: -2575.5003643933096
    yaw: 96.69577
    pitch: 82.35001
