lastAccountName: SpyCat005
timestamps:
  login: 1586611679560
  logout: 1586611823852
ipAddress: 115.165.227.248
lastlocation:
  world: world
  x: 212.0
  y: 65.0
  z: 271.0
  yaw: 0.0
  pitch: 0.0
logoutlocation:
  world: world_survive
  x: -281.30000001192093
  y: 68.0
  z: 257.90211750487083
  yaw: 308.2727
  pitch: 8.700301
