lastAccountName: SpyCat005
timestamps:
  login: 1588466244041
  logout: 1588442579369
  lastteleport: 1588487478491
ipAddress: 115.165.227.248
lastlocation:
  world: world
  x: 2902.699999988079
  y: 37.0
  z: -2580.630495456437
  yaw: 85.74606
  pitch: -7.199942
logoutlocation:
  world: world
  x: 585.2767393628433
  y: 65.0
  z: 840.7010425198954
  yaw: -181.91467
  pitch: 12.000468
afk: false
homes:
  home:
    world: world
    x: 2876.5509573367754
    y: 53.0
    z: -2575.5003643933096
    yaw: 96.69577
    pitch: 82.35001
