lastAccountName: SpyCat005
timestamps:
  login: 1587137686704
  logout: 1586679522238
  lastteleport: 1587152420441
ipAddress: 115.165.227.248
lastlocation:
  world: world
  x: 667.3000000119209
  y: 23.0
  z: 897.6473086660424
  yaw: 155.86798
  pitch: 44.850143
logoutlocation:
  world: world
  x: 200.7831887461451
  y: 72.0
  z: 352.74658160172567
  yaw: -315.3583
  pitch: 25.79933
afk: false
