lastAccountName: SpyCat005
timestamps:
  login: 1591348692863
  logout: 1591350691003
  lastteleport: 1590227160903
ipAddress: 203.77.40.61
lastlocation:
  world: world
  x: 2905.8585476339713
  y: 40.0
  z: -2576.4806281739525
  yaw: 331.4998
  pitch: 89.40019
logoutlocation:
  world: world
  x: 241.20199461928436
  y: 98.74496768873856
  z: 1170.2752453510661
  yaw: -138.49533
  pitch: 43.199703
afk: false
homes:
  home:
    world: world
    x: 2876.5509573367754
    y: 53.0
    z: -2575.5003643933096
    yaw: 96.69577
    pitch: 82.35001
