lastAccountName: SpyCat005
timestamps:
  login: 1587738159961
  logout: 1587290055136
  lastteleport: 1587739360268
ipAddress: 115.165.227.248
lastlocation:
  world: world
  x: 229.760038371939
  y: 63.0
  z: 551.2144700616741
  yaw: 2.0324097
  pitch: 38.25011
logoutlocation:
  world: world
  x: 584.722361367357
  y: 68.0
  z: 841.5158254034544
  yaw: 272.0976
  pitch: 6.300132
afk: false
homes:
  home:
    world: world
    x: 2876.5509573367754
    y: 53.0
    z: -2575.5003643933096
    yaw: 96.69577
    pitch: 82.35001
