lastAccountName: SpyCat005
timestamps:
  login: 1587230741315
  logout: 1587217952053
  lastteleport: 1587256825817
ipAddress: 115.165.227.248
lastlocation:
  world: world
  x: 589.7261806374712
  y: 65.0
  z: 811.1135453964765
  yaw: -224.39973
  pitch: 14.85
logoutlocation:
  world: world
  x: 590.001826074634
  y: 65.0
  z: 829.1631449838442
  yaw: -261.20654
  pitch: 26.400581
afk: false
homes:
  home:
    world: world
    x: 585.7519179970637
    y: 68.0
    z: 835.1121404280358
    yaw: -335.23602
    pitch: 36.90071
