lastAccountName: SpyCat005
timestamps:
  login: 1588942443144
  logout: 1588945730313
  lastteleport: 1588944916678
ipAddress: 203.77.40.61
lastlocation:
  world: world_nether
  x: 364.0878428734656
  y: 60.0
  z: -321.30000001192093
  yaw: 176.02441
  pitch: 31.800516
logoutlocation:
  world: world
  x: 591.2906809178392
  y: 65.0
  z: 841.74953758712
  yaw: 182.68549
  pitch: -3.1503708
afk: false
homes:
  home:
    world: world
    x: 2876.5509573367754
    y: 53.0
    z: -2575.5003643933096
    yaw: 96.69577
    pitch: 82.35001
