lastAccountName: SpyCat005
timestamps:
  login: 1587178747667
  logout: 1587178721726
  lastteleport: 1587188070368
ipAddress: 115.165.227.248
lastlocation:
  world: world
  x: 591.9770703475642
  y: 65.9375
  z: 741.0403069997043
  yaw: 23.85058
  pitch: 15.749968
logoutlocation:
  world: world
  x: 590.4085201368607
  y: 65.0
  z: 839.5350091768364
  yaw: -171.60031
  pitch: 22.80026
afk: false
