lastAccountName: SpyCat005
timestamps:
  login: 1586641520367
  logout: 1586641382386
  lastteleport: 1586641932259
ipAddress: 115.165.227.248
lastlocation:
  world: world
  x: 219.42409291358422
  y: 69.0
  z: 265.21730223244913
  yaw: -40.263798
  pitch: 51.899963
logoutlocation:
  world: world_survive
  x: 88.43816530965641
  y: 64.0
  z: 263.6681841778103
  yaw: -94.18652
  pitch: 21.900845
afk: false
