lastAccountName: SpyCat005
timestamps:
  login: 1587178747667
  logout: 1587178721726
  lastteleport: 1587189736499
ipAddress: 115.165.227.248
lastlocation:
  world: world
  x: 1133.300000011921
  y: 15.0
  z: 2011.699999988079
  yaw: 127.70805
  pitch: 10.949812
logoutlocation:
  world: world
  x: 590.4085201368607
  y: 65.0
  z: 839.5350091768364
  yaw: -171.60031
  pitch: 22.80026
afk: false
