lastAccountName: SpyCat005
timestamps:
  login: 1588976589741
  logout: 1588945730313
  lastteleport: 1589024092965
ipAddress: 203.77.40.61
lastlocation:
  world: world
  x: -170.07276089125264
  y: 12.992855059789036
  z: -1046.6577159811284
  yaw: 205.03186
  pitch: 42.300323
logoutlocation:
  world: world
  x: 591.2906809178392
  y: 65.0
  z: 841.74953758712
  yaw: 182.68549
  pitch: -3.1503708
afk: false
homes:
  home:
    world: world
    x: 2876.5509573367754
    y: 53.0
    z: -2575.5003643933096
    yaw: 96.69577
    pitch: 82.35001
