lastAccountName: SpyCat005
timestamps:
  login: 1587287067471
  logout: 1587290055136
  lastteleport: 1587289783439
ipAddress: 115.165.227.248
lastlocation:
  world: world_nether
  x: 362.76117082312413
  y: 61.0
  z: -323.01172766818377
  yaw: -257.90622
  pitch: 34.6513
logoutlocation:
  world: world
  x: 584.722361367357
  y: 68.0
  z: 841.5158254034544
  yaw: 272.0976
  pitch: 6.300132
afk: false
homes:
  home:
    world: world
    x: 2876.5509573367754
    y: 53.0
    z: -2575.5003643933096
    yaw: 96.69577
    pitch: 82.35001
