lastAccountName: SpyCat005
timestamps:
  login: 1587178747667
  logout: 1587178721726
  lastteleport: 1587182332797
ipAddress: 115.165.227.248
lastlocation:
  world: world
  x: 902.6999999880791
  y: 26.0
  z: 1007.5079167660581
  yaw: -277.6456
  pitch: 1.8010066
logoutlocation:
  world: world
  x: 590.4085201368607
  y: 65.0
  z: 839.5350091768364
  yaw: -171.60031
  pitch: 22.80026
afk: false
