lastAccountName: SpyCat005
timestamps:
  login: 1588976589741
  logout: 1588945730313
  lastteleport: 1588982244615
ipAddress: 203.77.40.61
lastlocation:
  world: world_nether
  x: 363.76052986312015
  y: 60.0
  z: -322.8360148343398
  yaw: 172.16357
  pitch: 15.750184
logoutlocation:
  world: world
  x: 591.2906809178392
  y: 65.0
  z: 841.74953758712
  yaw: 182.68549
  pitch: -3.1503708
afk: false
homes:
  home:
    world: world
    x: 2876.5509573367754
    y: 53.0
    z: -2575.5003643933096
    yaw: 96.69577
    pitch: 82.35001
