lastAccountName: SpyCat005
timestamps:
  login: 1587271436873
  logout: 1587260762265
  lastteleport: 1587274920669
ipAddress: 115.165.227.248
lastlocation:
  world: world_nether
  x: -119.25134493880785
  y: 74.0
  z: -1162.6250613427533
  yaw: 255.60623
  pitch: -2.85014
logoutlocation:
  world: world
  x: 581.1455596478929
  y: 68.0625
  z: 841.2731647261338
  yaw: -46.074463
  pitch: 7.6505847
afk: false
homes:
  home:
    world: world
    x: -188.29909682168315
    y: 79.0
    z: -1041.8136265620437
    yaw: -267.90167
    pitch: -22.950047
