lastAccountName: SpyCat005
timestamps:
  login: 1587230741315
  logout: 1587260762265
  lastteleport: 1587259721367
ipAddress: 115.165.227.248
lastlocation:
  world: world_nether
  x: 64.28892621890876
  y: 65.0
  z: 58.36163164582497
  yaw: 271.81702
  pitch: 25.35049
logoutlocation:
  world: world
  x: 581.1455596478929
  y: 68.0625
  z: 841.2731647261338
  yaw: -46.074463
  pitch: 7.6505847
afk: false
homes:
  home:
    world: world
    x: 585.7519179970637
    y: 68.0
    z: 835.1121404280358
    yaw: -335.23602
    pitch: 36.90071
