lastAccountName: SpyCat005
timestamps:
  login: 1588346640536
  logout: 1587881163829
  lastteleport: 1588380913043
ipAddress: 115.165.227.248
lastlocation:
  world: world
  x: 578.3000000119209
  y: 69.0
  z: 836.2403058084041
  yaw: 162.4768
  pitch: 43.64983
logoutlocation:
  world: world
  x: 128.7013414902182
  y: 115.0
  z: 1560.7582145794124
  yaw: -31.343122
  pitch: 62.09962
afk: true
homes:
  home:
    world: world
    x: 2876.5509573367754
    y: 53.0
    z: -2575.5003643933096
    yaw: 96.69577
    pitch: 82.35001
