lastAccountName: SpyCat005
timestamps:
  login: 1587870128159
  logout: 1587881163829
  lastteleport: 1587872980438
ipAddress: 115.165.227.248
lastlocation:
  world: world
  x: 2063.196291271858
  y: 64.0
  z: -2421.699999988079
  yaw: 108.62219
  pitch: 24.150183
logoutlocation:
  world: world
  x: 128.7013414902182
  y: 115.0
  z: 1560.7582145794124
  yaw: -31.343122
  pitch: 62.09962
afk: false
homes:
  home:
    world: world
    x: 2876.5509573367754
    y: 53.0
    z: -2575.5003643933096
    yaw: 96.69577
    pitch: 82.35001
