lastAccountName: Keisari1313
timestamps:
  login: 1586691669243
  logout: 1586691658906
  lastteleport: 1586694947607
ipAddress: 111.248.203.207
lastlocation:
  world: world
  x: -201.9132592054004
  y: 79.0
  z: -1053.9954763249943
  yaw: -331.4032
  pitch: 1.9502732
logoutlocation:
  world: world
  x: -232.39494556298513
  y: 104.0
  z: -1068.4271617040308
  yaw: -108.92009
  pitch: 10.500149
homes:
  home:
    world: world
    x: -232.39494556298513
    y: 104.0
    z: -1068.4271617040308
    yaw: 3.579834
    pitch: 17.250153
afk: false
