lastAccountName: Keisari1313
timestamps:
  login: 1587707072817
  logout: 1587709125166
  lastteleport: 1587212932786
ipAddress: 111.248.202.84
lastlocation:
  world: world
  x: -192.86203598883074
  y: 79.0
  z: -1064.699999988079
  yaw: -24.885286
  pitch: -8.849345
logoutlocation:
  world: world
  x: -220.40286085801145
  y: 104.0
  z: -1074.8659040461625
  yaw: 216.21191
  pitch: 11.700815
homes:
  home:
    world: world
    x: -231.84615118750784
    y: 104.0
    z: -1071.9467981191522
    yaw: -10.3440275
    pitch: 11.549868
afk: false
