lastAccountName: Keisari1313
timestamps:
  login: 1605331567786
  logout: 1605333854565
  lastteleport: 1588402084044
ipAddress: 111.248.205.146
lastlocation:
  world: world
  x: -301.5887488501839
  y: 76.0
  z: -967.3000000119209
  yaw: 179.07245
  pitch: 3.9000769
logoutlocation:
  world: world
  x: -217.9983975184912
  y: 103.98720363167499
  z: -1038.7493718690184
  yaw: 125.424805
  pitch: 18.599503
homes:
  home:
    world: world
    x: -231.84615118750784
    y: 104.0
    z: -1071.9467981191522
    yaw: -10.3440275
    pitch: 11.549868
afk: false
