lastAccountName: Keisari1313
timestamps:
  login: 1586603380638
  logout: 1586603375576
  lastteleport: 1586607984861
ipAddress: 111.248.203.207
lastlocation:
  world: world
  x: -221.67151584124574
  y: 111.0
  z: -1091.8618753007631
  yaw: -168.32004
  pitch: 8.249954
logoutlocation:
  world: world
  x: -130.2423201035162
  y: 83.5625
  z: -1076.3058836693644
  yaw: 149.40157
  pitch: 31.199532
homes:
  home:
    world: world
    x: -232.39494556298513
    y: 104.0
    z: -1068.4271617040308
    yaw: 3.579834
    pitch: 17.250153
