lastAccountName: Keisari1313
timestamps:
  login: 1587205743068
  logout: 1587214501014
  lastteleport: 1587212932786
ipAddress: 111.248.203.214
lastlocation:
  world: world
  x: 536.3834988444495
  y: 68.97917701947803
  z: -238.54505661306175
  yaw: 303.73175
  pitch: -3.1501698
logoutlocation:
  world: world
  x: -231.93650521360146
  y: 104.0
  z: -1070.7727049886976
  yaw: 251.38983
  pitch: 11.849688
homes:
  home:
    world: world
    x: -231.84615118750784
    y: 104.0
    z: -1071.9467981191522
    yaw: -10.3440275
    pitch: 11.549868
afk: false
