lastAccountName: Keisari1313
timestamps:
  login: 1586590292641
  logout: 1586590287073
  lastteleport: 1586590389701
ipAddress: 111.248.203.207
lastlocation:
  world: world
  x: 217.15266552004255
  y: 73.0
  z: 251.0029020534996
  yaw: -52.37668
  pitch: 3.8996658
logoutlocation:
  world: world
  x: 219.5
  y: 69.0
  z: 265.5
  yaw: -243.51271
  pitch: -2.550181
