lastAccountName: Keisari1313
timestamps:
  login: 1592812359044
  logout: 1592815573067
  lastteleport: 1588402084044
ipAddress: 118.168.201.199
lastlocation:
  world: world
  x: -137.77626380881136
  y: 12.0
  z: -977.7274623322572
  yaw: -108.067116
  pitch: 24.599277
logoutlocation:
  world: world
  x: -221.81799154333984
  y: 134.5
  z: -1038.403936569897
  yaw: -258.62146
  pitch: 1.8001318
homes:
  home:
    world: world
    x: -231.84615118750784
    y: 104.0
    z: -1071.9467981191522
    yaw: -10.3440275
    pitch: 11.549868
afk: false
