lastAccountName: Keisari1313
timestamps:
  login: 1586691669243
  logout: 1586691658906
  lastteleport: 1586680400105
ipAddress: 111.248.203.207
lastlocation:
  world: world
  x: -213.30000001192093
  y: 104.0
  z: -1067.300000011921
  yaw: -92.888306
  pitch: 40.3502
logoutlocation:
  world: world
  x: -232.39494556298513
  y: 104.0
  z: -1068.4271617040308
  yaw: -108.92009
  pitch: 10.500149
homes:
  home:
    world: world
    x: -232.39494556298513
    y: 104.0
    z: -1068.4271617040308
    yaw: 3.579834
    pitch: 17.250153
afk: false
