lastAccountName: Keisari1313
timestamps:
  login: 1586603380638
  logout: 1586603375576
  lastteleport: 1586609949701
ipAddress: 111.248.203.207
lastlocation:
  world: world
  x: -251.7824323043047
  y: 87.0
  z: -1028.4541054968163
  yaw: -142.22504
  pitch: -10.80012
logoutlocation:
  world: world
  x: -130.2423201035162
  y: 83.5625
  z: -1076.3058836693644
  yaw: 149.40157
  pitch: 31.199532
homes:
  home:
    world: world
    x: -232.39494556298513
    y: 104.0
    z: -1068.4271617040308
    yaw: 3.579834
    pitch: 17.250153
afk: true
