lastAccountName: Keisari1313
timestamps:
  login: 1586680219720
  logout: 1586680184772
  lastteleport: 1586680400105
ipAddress: 111.248.203.207
lastlocation:
  world: world
  x: -88.67811813934145
  y: 46.5
  z: -1090.87771611612
  yaw: 0.010034941
  pitch: -40.3475
logoutlocation:
  world: world
  x: -100.23750001192093
  y: 13.0
  z: -1121.699999988079
  yaw: -119.08851
  pitch: -13.497587
homes:
  home:
    world: world
    x: -232.39494556298513
    y: 104.0
    z: -1068.4271617040308
    yaw: 3.579834
    pitch: 17.250153
afk: true
