lastAccountName: Keisari1313
timestamps:
  login: 1586603380638
  logout: 1586613217747
  lastteleport: 1586609949701
ipAddress: 111.248.203.207
lastlocation:
  world: world
  x: -251.7824323043047
  y: 87.0
  z: -1028.4541054968163
  yaw: -142.22504
  pitch: -10.80012
logoutlocation:
  world: world
  x: -226.22836371713134
  y: 99.0
  z: -1058.19587831256
  yaw: -252.46402
  pitch: -1.6503218
homes:
  home:
    world: world
    x: -232.39494556298513
    y: 104.0
    z: -1068.4271617040308
    yaw: 3.579834
    pitch: 17.250153
afk: false
