lastAccountName: Keisari1313
timestamps:
  login: 1587193529001
  logout: 1587198999195
  lastteleport: 1586697140150
ipAddress: 111.248.203.214
lastlocation:
  world: world
  x: -174.42379148164716
  y: 79.0
  z: -1065.91225776158
  yaw: -42.039505
  pitch: 7.3505015
logoutlocation:
  world: world
  x: -217.9985047233187
  y: 104.0
  z: -1074.1819051713455
  yaw: 192.42163
  pitch: 2.6993809
homes:
  home:
    world: world
    x: -232.39494556298513
    y: 104.0
    z: -1068.4271617040308
    yaw: 3.579834
    pitch: 17.250153
afk: false
