lastAccountName: Keisari1313
timestamps:
  login: 1586670450831
  logout: 1586613217747
  lastteleport: 1586676471112
ipAddress: 111.248.203.207
lastlocation:
  world: world
  x: -175.6628565203591
  y: 102.0
  z: -1033.5603440184973
  yaw: 157.34637
  pitch: 68.551125
logoutlocation:
  world: world
  x: -226.22836371713134
  y: 99.0
  z: -1058.19587831256
  yaw: -252.46402
  pitch: -1.6503218
homes:
  home:
    world: world
    x: -232.39494556298513
    y: 104.0
    z: -1068.4271617040308
    yaw: 3.579834
    pitch: 17.250153
afk: false
