lastAccountName: Keisari1313
timestamps:
  login: 1586670450831
  logout: 1586613217747
  lastteleport: 1586674753506
ipAddress: 111.248.203.207
lastlocation:
  world: world
  x: -233.20405071684644
  y: 103.5
  z: -1063.7768128724401
  yaw: -22.970192
  pitch: 32.700123
logoutlocation:
  world: world
  x: -226.22836371713134
  y: 99.0
  z: -1058.19587831256
  yaw: -252.46402
  pitch: -1.6503218
homes:
  home:
    world: world
    x: -232.39494556298513
    y: 104.0
    z: -1068.4271617040308
    yaw: 3.579834
    pitch: 17.250153
afk: false
