lastAccountName: Keisari1313
timestamps:
  login: 1586590292641
  logout: 1586600887447
  lastteleport: 1586593427517
ipAddress: 111.248.203.207
lastlocation:
  world: world
  x: -134.07271421016176
  y: 80.0
  z: -1072.6462909286267
  yaw: 219.3631
  pitch: -51.599705
logoutlocation:
  world: world
  x: -130.2423201035162
  y: 83.5625
  z: -1076.3058836693644
  yaw: 5.1000977
  pitch: 8.849737
homes:
  home:
    world: world
    x: -232.39494556298513
    y: 104.0
    z: -1068.4271617040308
    yaw: 3.579834
    pitch: 17.250153
