lastAccountName: Keisari1313
timestamps:
  login: 1587193529001
  logout: 1586697246885
  lastteleport: 1586697140150
ipAddress: 111.248.203.214
lastlocation:
  world: world
  x: -174.42379148164716
  y: 79.0
  z: -1065.91225776158
  yaw: -42.039505
  pitch: 7.3505015
logoutlocation:
  world: world
  x: -223.296838630945
  y: 104.0
  z: -1076.3305268112779
  yaw: -304.52383
  pitch: 7.650207
homes:
  home:
    world: world
    x: -232.39494556298513
    y: 104.0
    z: -1068.4271617040308
    yaw: 3.579834
    pitch: 17.250153
afk: false
