lastAccountName: Keisari1313
timestamps:
  login: 1605331567786
  logout: 1592815573067
  lastteleport: 1588402084044
ipAddress: 111.248.205.146
lastlocation:
  world: world
  x: -301.5887488501839
  y: 76.0
  z: -967.3000000119209
  yaw: 179.07245
  pitch: 3.9000769
logoutlocation:
  world: world
  x: -221.81799154333984
  y: 134.5
  z: -1038.403936569897
  yaw: -258.62146
  pitch: 1.8001318
homes:
  home:
    world: world
    x: -231.84615118750784
    y: 104.0
    z: -1071.9467981191522
    yaw: -10.3440275
    pitch: 11.549868
afk: false
