lastAccountName: Keisari1313
timestamps:
  login: 1586670450831
  logout: 1586613217747
  lastteleport: 1586673464579
ipAddress: 111.248.203.207
lastlocation:
  world: world
  x: -224.84189392333238
  y: 104.0
  z: -1076.9076311891333
  yaw: 13.47937
  pitch: -0.4498078
logoutlocation:
  world: world
  x: -226.22836371713134
  y: 99.0
  z: -1058.19587831256
  yaw: -252.46402
  pitch: -1.6503218
homes:
  home:
    world: world
    x: -232.39494556298513
    y: 104.0
    z: -1068.4271617040308
    yaw: 3.579834
    pitch: 17.250153
afk: false
