lastAccountName: Keisari1313
timestamps:
  login: 1588423781887
  logout: 1588423872323
  lastteleport: 1588402084044
ipAddress: 111.248.201.238
lastlocation:
  world: world
  x: -128.016976725969
  y: 12.0
  z: -967.4745902960602
  yaw: -178.38959
  pitch: 5.8498397
logoutlocation:
  world: world
  x: -167.94442782785762
  y: 90.0
  z: -1064.9005962807425
  yaw: 138.24261
  pitch: 17.699406
homes:
  home:
    world: world
    x: -231.84615118750784
    y: 104.0
    z: -1071.9467981191522
    yaw: -10.3440275
    pitch: 11.549868
afk: false
