lastAccountName: Keisari1313
timestamps:
  login: 1588494682595
  logout: 1588487155062
  lastteleport: 1588402084044
ipAddress: 111.248.201.238
lastlocation:
  world: world
  x: -137.77626380881136
  y: 12.0
  z: -977.7274623322572
  yaw: -108.067116
  pitch: 24.599277
logoutlocation:
  world: world
  x: -143.6604508280956
  y: 41.0
  z: -973.7762640595367
  yaw: 39.684326
  pitch: 11.69943
homes:
  home:
    world: world
    x: -231.84615118750784
    y: 104.0
    z: -1071.9467981191522
    yaw: -10.3440275
    pitch: 11.549868
afk: false
