lastAccountName: Keisari1313
timestamps:
  login: 1587890526195
  logout: 1587890772442
  lastteleport: 1587212932786
ipAddress: 111.248.203.169
lastlocation:
  world: world
  x: -192.86203598883074
  y: 79.0
  z: -1064.699999988079
  yaw: -24.885286
  pitch: -8.849345
logoutlocation:
  world: world
  x: -222.1018163095899
  y: 78.0
  z: -1063.7186520646833
  yaw: -298.7829
  pitch: 12.15107
homes:
  home:
    world: world
    x: -231.84615118750784
    y: 104.0
    z: -1071.9467981191522
    yaw: -10.3440275
    pitch: 11.549868
afk: false
