lastAccountName: Keisari1313
timestamps:
  login: 1605420474428
  logout: 1605421128565
  lastteleport: 1588402084044
ipAddress: 111.248.205.146
lastlocation:
  world: world
  x: -301.5887488501839
  y: 76.0
  z: -967.3000000119209
  yaw: 179.07245
  pitch: 3.9000769
logoutlocation:
  world: world
  x: -230.30000001192093
  y: 104.0
  z: -1070.0065384280226
  yaw: 85.24631
  pitch: -51.299904
homes:
  home:
    world: world
    x: -231.84615118750784
    y: 104.0
    z: -1071.9467981191522
    yaw: -10.3440275
    pitch: 11.549868
afk: false
