lastAccountName: Keisari1313
timestamps:
  login: 1587205743068
  logout: 1587198999195
  lastteleport: 1587206195549
ipAddress: 111.248.203.214
lastlocation:
  world: world
  x: -230.94999998807907
  y: 111.0
  z: -1060.8669657125938
  yaw: 169.34978
  pitch: 20.249815
logoutlocation:
  world: world
  x: -217.9985047233187
  y: 104.0
  z: -1074.1819051713455
  yaw: 192.42163
  pitch: 2.6993809
homes:
  home:
    world: world
    x: -232.39494556298513
    y: 104.0
    z: -1068.4271617040308
    yaw: 3.579834
    pitch: 17.250153
afk: false
