lastAccountName: Keisari1313
timestamps:
  login: 1588398560601
  logout: 1587890772442
  lastteleport: 1588399309227
ipAddress: 111.248.201.238
lastlocation:
  world: world
  x: -134.7429806736076
  y: 80.0
  z: -1075.3900510477868
  yaw: -29.698608
  pitch: 14.849554
logoutlocation:
  world: world
  x: -222.1018163095899
  y: 78.0
  z: -1063.7186520646833
  yaw: -298.7829
  pitch: 12.15107
homes:
  home:
    world: world
    x: -231.84615118750784
    y: 104.0
    z: -1071.9467981191522
    yaw: -10.3440275
    pitch: 11.549868
afk: false
