lastAccountName: Keisari1313
timestamps:
  login: 1588494682595
  logout: 1588495885922
  lastteleport: 1588402084044
ipAddress: 111.248.201.238
lastlocation:
  world: world
  x: -137.77626380881136
  y: 12.0
  z: -977.7274623322572
  yaw: -108.067116
  pitch: 24.599277
logoutlocation:
  world: world
  x: -181.42529421745795
  y: 110.0
  z: -1036.5580791111033
  yaw: 130.6499
  pitch: 29.54954
homes:
  home:
    world: world
    x: -231.84615118750784
    y: 104.0
    z: -1071.9467981191522
    yaw: -10.3440275
    pitch: 11.549868
afk: false
