lastAccountName: Caber588
timestamps:
  login: 1587050310363
  logout: 1587059129384
  lastteleport: 1587057361098
ipAddress: 219.70.214.164
lastlocation:
  world: world
  x: -262.3924054214025
  y: 78.65741251485275
  z: -1133.167531947704
  yaw: 333.9961
  pitch: 32.849968
logoutlocation:
  world: world
  x: -223.71797966048214
  y: 102.0
  z: -1028.2904765040948
  yaw: 118.398926
  pitch: 32.5498
homes:
  home:
    world: world
    x: -223.4600836300147
    y: 104.0
    z: -1074.5400860477707
    yaw: 175.91743
    pitch: 13.201331
afk: false
