lastAccountName: Caber588
timestamps:
  login: 1595569415782
  logout: 1595572621148
  lastteleport: 1595572517315
ipAddress: 219.70.214.164
lastlocation:
  world: world
  x: -128.59691823721073
  y: 87.62920164924746
  z: -1234.699999988079
  yaw: 108.56888
  pitch: 27.451412
logoutlocation:
  world: world
  x: -223.34432076622466
  y: 104.0
  z: -1078.7338770581687
  yaw: 296.21655
  pitch: 13.051316
homes:
  home:
    world: world
    x: -223.4600836300147
    y: 104.0
    z: -1074.5400860477707
    yaw: 175.91743
    pitch: 13.201331
afk: false
