lastAccountName: Caber588
timestamps:
  login: 1587143059411
  logout: 1587149238184
  lastteleport: 1587148894842
ipAddress: 219.70.214.164
lastlocation:
  world: world
  x: -100.4683038573196
  y: 13.0
  z: -1122.5250139345187
  yaw: 331.91757
  pitch: 0.15151209
logoutlocation:
  world: world
  x: -293.035325078397
  y: 76.0
  z: -974.2057411683501
  yaw: 190.61304
  pitch: 1.0499632
homes:
  home:
    world: world
    x: -223.4600836300147
    y: 104.0
    z: -1074.5400860477707
    yaw: 175.91743
    pitch: 13.201331
afk: false
