lastAccountName: Caber588
timestamps:
  login: 1587126200442
  logout: 1587127452002
  lastteleport: 1587127229692
ipAddress: 219.70.214.164
lastlocation:
  world: world
  x: -100.99983368909005
  y: 13.0
  z: -1122.3149590585233
  yaw: -94.451225
  pitch: -12.750127
logoutlocation:
  world: world
  x: -218.96568743665378
  y: 105.17291429705664
  z: -1077.531845049796
  yaw: 20.820923
  pitch: 21.00144
homes:
  home:
    world: world
    x: -223.4600836300147
    y: 104.0
    z: -1074.5400860477707
    yaw: 175.91743
    pitch: 13.201331
afk: false
