lastAccountName: Caber588
timestamps:
  login: 1591202511606
  logout: 1591203841709
  lastteleport: 1590570345562
ipAddress: 219.70.214.164
lastlocation:
  world: world
  x: 781.0402995944606
  y: 70.0
  z: -1755.6036096820158
  yaw: 138.14322
  pitch: 4.8000736
logoutlocation:
  world: world
  x: 276.40684434107186
  y: 93.5
  z: 555.8624540932808
  yaw: 181.22363
  pitch: 6.15017
homes:
  home:
    world: world
    x: -223.4600836300147
    y: 104.0
    z: -1074.5400860477707
    yaw: 175.91743
    pitch: 13.201331
afk: false
