lastAccountName: Caber588
timestamps:
  login: 1588761643774
  logout: 1588761869384
  lastteleport: 1588674388944
ipAddress: 219.70.214.164
lastlocation:
  world: world
  x: -112.17546113862574
  y: 43.11650136792814
  z: -974.3157798748906
  yaw: -17.425295
  pitch: 42.900024
logoutlocation:
  world: world
  x: -221.6653170342201
  y: 105.0
  z: -1075.0158757680915
  yaw: -310.95737
  pitch: 37.200283
homes:
  home:
    world: world
    x: -223.4600836300147
    y: 104.0
    z: -1074.5400860477707
    yaw: 175.91743
    pitch: 13.201331
afk: false
