lastAccountName: Caber588
timestamps:
  login: 1586446955865
  logout: 1586453264186
  lastteleport: 1586453108301
ipAddress: 219.70.214.164
lastlocation:
  world: world
  x: -294.2173446501442
  y: 76.0
  z: -977.7775184359733
  yaw: 238.15576
  pitch: 7.050146
logoutlocation:
  world: world
  x: -178.29861167928107
  y: 79.0
  z: -1071.7358973699352
  yaw: 14.216919
  pitch: 6.3014054
homes:
  home:
    world: world
    x: -223.4600836300147
    y: 104.0
    z: -1074.5400860477707
    yaw: 175.91743
    pitch: 13.201331
afk: false
