lastAccountName: Caber588
timestamps:
  login: 1586668874293
  logout: 1586540002651
  lastteleport: 1586677195207
ipAddress: 219.70.214.164
lastlocation:
  world: world
  x: -153.4110682163559
  y: 64.0
  z: -1078.8693274716331
  yaw: 46.76233
  pitch: -55.800064
logoutlocation:
  world: world
  x: -219.9853394268665
  y: 104.0
  z: -1084.766222585512
  yaw: 229.018
  pitch: 22.351414
homes:
  home:
    world: world
    x: -223.4600836300147
    y: 104.0
    z: -1074.5400860477707
    yaw: 175.91743
    pitch: 13.201331
afk: false
