lastAccountName: Caber588
timestamps:
  login: 1586972081096
  logout: 1586975110683
  lastteleport: 1586975085007
ipAddress: 219.70.214.164
lastlocation:
  world: world
  x: -217.6369396678859
  y: 74.0
  z: -965.528834628539
  yaw: 107.81885
  pitch: 24.59999
logoutlocation:
  world: world
  x: -224.46119807828347
  y: 104.0
  z: -1073.4834455220966
  yaw: 213.86835
  pitch: 10.801283
homes:
  home:
    world: world
    x: -223.4600836300147
    y: 104.0
    z: -1074.5400860477707
    yaw: 175.91743
    pitch: 13.201331
afk: false
