lastAccountName: Caber588
timestamps:
  login: 1586446955865
  logout: 1586438074287
  lastteleport: 1586450364690
ipAddress: 219.70.214.164
lastlocation:
  world: world
  x: -243.4625159979066
  y: 78.0
  z: -1011.5291757369831
  yaw: 352.31934
  pitch: 10.951351
logoutlocation:
  world: world
  x: -194.362816590684
  y: 79.0
  z: -1071.925000011921
  yaw: 192.29712
  pitch: 22.50025
homes:
  home:
    world: world
    x: -223.4600836300147
    y: 104.0
    z: -1074.5400860477707
    yaw: 175.91743
    pitch: 13.201331
afk: false
