lastAccountName: Caber588
timestamps:
  login: 1586785988947
  logout: 1586798236245
  lastteleport: 1586797785017
ipAddress: 219.70.214.164
lastlocation:
  world: world
  x: -98.00387345821153
  y: 90.67184169714388
  z: -1085.900051507565
  yaw: 4.171997
  pitch: 36.450092
logoutlocation:
  world: world
  x: -219.62743951819002
  y: 105.61476262250834
  z: -1082.744532110644
  yaw: 177.27087
  pitch: 23.101383
homes:
  home:
    world: world
    x: -223.4600836300147
    y: 104.0
    z: -1074.5400860477707
    yaw: 175.91743
    pitch: 13.201331
afk: false
