lastAccountName: Caber588
timestamps:
  login: 1588674333679
  logout: 1588613756332
  lastteleport: 1588674388944
ipAddress: 219.70.214.164
lastlocation:
  world: world
  x: -112.17546113862574
  y: 43.11650136792814
  z: -974.3157798748906
  yaw: -17.425295
  pitch: 42.900024
logoutlocation:
  world: world
  x: -110.30000001192101
  y: 43.875
  z: -972.3000000119209
  yaw: 94.32471
  pitch: 52.500004
homes:
  home:
    world: world
    x: -223.4600836300147
    y: 104.0
    z: -1074.5400860477707
    yaw: 175.91743
    pitch: 13.201331
afk: false
