lastAccountName: Caber588
timestamps:
  login: 1587539675729
  logout: 1587582099521
  lastteleport: 1587575795293
ipAddress: 219.70.214.164
lastlocation:
  world: world
  x: -219.60617807818716
  y: 106.17255179639812
  z: -1082.6319949256233
  yaw: 338.8175
  pitch: 22.651314
logoutlocation:
  world: world
  x: -305.2736208908718
  y: 118.0
  z: -981.2199502522365
  yaw: 217.33063
  pitch: 34.20009
homes:
  home:
    world: world
    x: -223.4600836300147
    y: 104.0
    z: -1074.5400860477707
    yaw: 175.91743
    pitch: 13.201331
afk: false
