lastAccountName: Caber588
timestamps:
  login: 1588212893069
  logout: 1588100521432
  lastteleport: 1588221617860
ipAddress: 219.70.214.164
lastlocation:
  world: world
  x: -170.977348415973
  y: 85.5
  z: -1233.7216313347008
  yaw: 255.41753
  pitch: 24.00133
logoutlocation:
  world: world
  x: -160.654983680243
  y: 75.0
  z: -1002.6999999880791
  yaw: 3.336153
  pitch: 20.10004
homes:
  home:
    world: world
    x: -223.4600836300147
    y: 104.0
    z: -1074.5400860477707
    yaw: 175.91743
    pitch: 13.201331
afk: false
