lastAccountName: Caber588
timestamps:
  login: 1589376985478
  logout: 1589376982569
  lastteleport: 1589293235992
ipAddress: 219.70.214.164
lastlocation:
  world: world
  x: -169.27297318601543
  y: 85.0
  z: -1228.630559979883
  yaw: -7.2321815
  pitch: 15.451324
logoutlocation:
  world: world
  x: -222.19415783517877
  y: 105.0
  z: -1086.8915686972016
  yaw: 307.01852
  pitch: -2.3987236
homes:
  home:
    world: world
    x: -223.4600836300147
    y: 104.0
    z: -1074.5400860477707
    yaw: 175.91743
    pitch: 13.201331
afk: false
