lastAccountName: Caber588
timestamps:
  login: 1587197236710
  logout: 1587149238184
  lastteleport: 1587206445718
ipAddress: 219.70.214.164
lastlocation:
  world: world
  x: -221.61888188173577
  y: 117.0
  z: -1068.4981433666749
  yaw: 163.2981
  pitch: 26.40146
logoutlocation:
  world: world
  x: -293.035325078397
  y: 76.0
  z: -974.2057411683501
  yaw: 190.61304
  pitch: 1.0499632
homes:
  home:
    world: world
    x: -223.4600836300147
    y: 104.0
    z: -1074.5400860477707
    yaw: 175.91743
    pitch: 13.201331
afk: false
