lastAccountName: Caber588
timestamps:
  login: 1589795132084
  logout: 1589804384372
  lastteleport: 1589802795750
ipAddress: 219.70.214.164
lastlocation:
  world: world
  x: -222.16584521942082
  y: 105.0
  z: -1080.8229984052423
  yaw: 322.6174
  pitch: 17.701357
logoutlocation:
  world: world
  x: -132.58251436958403
  y: 41.0
  z: -942.1869980273327
  yaw: 215.25879
  pitch: 29.699903
homes:
  home:
    world: world
    x: -223.4600836300147
    y: 104.0
    z: -1074.5400860477707
    yaw: 175.91743
    pitch: 13.201331
afk: false
