lastAccountName: Caber588
timestamps:
  login: 1588072282621
  logout: 1588086641535
  lastteleport: 1588081640012
ipAddress: 219.70.214.164
lastlocation:
  world: world
  x: -169.78819944846472
  y: 85.0
  z: -1235.9619151640097
  yaw: 109.009
  pitch: 25.050137
logoutlocation:
  world: world
  x: -212.6222021177322
  y: 105.5
  z: -1070.2442432334822
  yaw: 272.00415
  pitch: 60.45059
homes:
  home:
    world: world
    x: -223.4600836300147
    y: 104.0
    z: -1074.5400860477707
    yaw: 175.91743
    pitch: 13.201331
afk: false
