lastAccountName: Caber588
timestamps:
  login: 1587646031953
  logout: 1587582099521
  lastteleport: 1587654845424
ipAddress: 219.70.214.164
lastlocation:
  world: world
  x: -95.7095553117101
  y: 77.5068317532404
  z: -1056.336178848812
  yaw: 358.16772
  pitch: -41.40006
logoutlocation:
  world: world
  x: -305.2736208908718
  y: 118.0
  z: -981.2199502522365
  yaw: 217.33063
  pitch: 34.20009
homes:
  home:
    world: world
    x: -223.4600836300147
    y: 104.0
    z: -1074.5400860477707
    yaw: 175.91743
    pitch: 13.201331
afk: false
