lastAccountName: Caber588
timestamps:
  login: 1588353531094
  logout: 1588358639261
  lastteleport: 1588356777843
ipAddress: 219.70.214.164
lastlocation:
  world: world
  x: -127.97408420030368
  y: 30.0
  z: -969.692704604053
  yaw: 107.38256
  pitch: 18.299967
logoutlocation:
  world: world
  x: -96.55445866885044
  y: 13.0
  z: -1120.0386202273853
  yaw: 276.71796
  pitch: 9.901374
homes:
  home:
    world: world
    x: -223.4600836300147
    y: 104.0
    z: -1074.5400860477707
    yaw: 175.91743
    pitch: 13.201331
afk: false
