lastAccountName: Caber588
timestamps:
  login: 1588761643774
  logout: 1588675654820
  lastteleport: 1588674388944
ipAddress: 219.70.214.164
lastlocation:
  world: world
  x: -112.17546113862574
  y: 43.11650136792814
  z: -974.3157798748906
  yaw: -17.425295
  pitch: 42.900024
logoutlocation:
  world: world
  x: -217.6456363772546
  y: 104.4768567421122
  z: -1076.762499988079
  yaw: 161.99414
  pitch: 21.300108
homes:
  home:
    world: world
    x: -223.4600836300147
    y: 104.0
    z: -1074.5400860477707
    yaw: 175.91743
    pitch: 13.201331
afk: false
