lastAccountName: Caber588
timestamps:
  login: 1586668874293
  logout: 1586540002651
  lastteleport: 1586674031236
ipAddress: 219.70.214.164
lastlocation:
  world: world
  x: -196.58791307885818
  y: 79.0
  z: -1060.8342723605354
  yaw: 89.65906
  pitch: 4.9499907
logoutlocation:
  world: world
  x: -219.9853394268665
  y: 104.0
  z: -1084.766222585512
  yaw: 229.018
  pitch: 22.351414
homes:
  home:
    world: world
    x: -223.4600836300147
    y: 104.0
    z: -1074.5400860477707
    yaw: 175.91743
    pitch: 13.201331
afk: false
