lastAccountName: Caber588
timestamps:
  login: 1586361252140
  logout: 1586361245883
ipAddress: 219.70.214.164
lastlocation:
  world: world
  x: 212.0
  y: 65.0
  z: 271.0
  yaw: 0.0
  pitch: 0.0
logoutlocation:
  world: world
  x: -3252.4007687435346
  y: 62.073265397891184
  z: 3183.3413376556464
  yaw: 238.71246
  pitch: 5.999999
