lastAccountName: Caber588
timestamps:
  login: 1587738961652
  logout: 1587662162347
  lastteleport: 1587744706557
ipAddress: 219.70.214.164
lastlocation:
  world: world
  x: -225.64776548019108
  y: 105.13288027763599
  z: -1073.8588952212244
  yaw: 161.66791
  pitch: 41.251373
logoutlocation:
  world: world
  x: -219.6203165137664
  y: 104.76094698702687
  z: -1085.5801771734793
  yaw: 6.2673035
  pitch: 20.701342
homes:
  home:
    world: world
    x: -223.4600836300147
    y: 104.0
    z: -1074.5400860477707
    yaw: 175.91743
    pitch: 13.201331
afk: false
