lastAccountName: Caber588
timestamps:
  login: 1586699915448
  logout: 1586699912446
  lastteleport: 1586713191197
ipAddress: 219.70.214.164
lastlocation:
  world: world
  x: -230.2712424676397
  y: 79.0
  z: -1012.5460472080314
  yaw: 178.86572
  pitch: 23.401176
logoutlocation:
  world: world
  x: -181.45422141176914
  y: 79.0
  z: -1016.9162014464396
  yaw: 201.4043
  pitch: 16.949978
homes:
  home:
    world: world
    x: -223.4600836300147
    y: 104.0
    z: -1074.5400860477707
    yaw: 175.91743
    pitch: 13.201331
afk: false
