lastAccountName: Caber588
timestamps:
  login: 1587539675729
  logout: 1587492869696
  lastteleport: 1587547847494
ipAddress: 219.70.214.164
lastlocation:
  world: world
  x: -220.22859561948704
  y: 104.0
  z: -1077.3579080136983
  yaw: 73.31766
  pitch: 26.101297
logoutlocation:
  world: world
  x: -170.81434360611456
  y: 79.0
  z: -1065.9227807341729
  yaw: 6.2674866
  pitch: 27.751343
homes:
  home:
    world: world
    x: -223.4600836300147
    y: 104.0
    z: -1074.5400860477707
    yaw: 175.91743
    pitch: 13.201331
afk: false
