lastAccountName: Caber588
timestamps:
  login: 1590038841238
  logout: 1590039141025
  lastteleport: 1589965966247
ipAddress: 219.70.214.164
lastlocation:
  world: world
  x: 93.3472484794068
  y: 64.0
  z: -1236.426408335624
  yaw: 32.933105
  pitch: 29.24998
logoutlocation:
  world: world
  x: 784.7478234722365
  y: 71.0
  z: -1750.5881975449427
  yaw: 36.441895
  pitch: 48.750008
homes:
  home:
    world: world
    x: -223.4600836300147
    y: 104.0
    z: -1074.5400860477707
    yaw: 175.91743
    pitch: 13.201331
afk: false
