lastAccountName: Caber588
timestamps:
  login: 1587966202595
  logout: 1587924433595
  lastteleport: 1587969126391
ipAddress: 219.70.214.164
lastlocation:
  world: world
  x: -222.5444232639916
  y: 106.24459586424605
  z: -1079.0671810668237
  yaw: 184.0175
  pitch: 52.05134
logoutlocation:
  world: world
  x: -221.62348637601463
  y: 105.0
  z: -1088.9887801397765
  yaw: 14.218323
  pitch: 13.501466
homes:
  home:
    world: world
    x: -223.4600836300147
    y: 104.0
    z: -1074.5400860477707
    yaw: 175.91743
    pitch: 13.201331
afk: false
