lastAccountName: Caber588
timestamps:
  login: 1587457823445
  logout: 1587403307944
  lastteleport: 1587458878424
ipAddress: 219.70.214.164
lastlocation:
  world: world
  x: -207.30000001192093
  y: 10.0
  z: -1067.5947603436343
  yaw: 63.88726
  pitch: 55.05004
logoutlocation:
  world: world
  x: -277.299134517961
  y: 133.0
  z: -1006.978295323739
  yaw: 66.67529
  pitch: 69.75012
homes:
  home:
    world: world
    x: -223.4600836300147
    y: 104.0
    z: -1074.5400860477707
    yaw: 175.91743
    pitch: 13.201331
afk: false
