lastAccountName: Caber588
timestamps:
  login: 1587966202595
  logout: 1587972271077
  lastteleport: 1587971308190
ipAddress: 219.70.214.164
lastlocation:
  world: world
  x: -219.90522042364586
  y: 104.0
  z: -1094.7656221834143
  yaw: 322.6174
  pitch: 24.001303
logoutlocation:
  world: world
  x: -216.5379442570134
  y: 105.0625
  z: -1071.245049044859
  yaw: 93.54479
  pitch: 34.500217
homes:
  home:
    world: world
    x: -223.4600836300147
    y: 104.0
    z: -1074.5400860477707
    yaw: 175.91743
    pitch: 13.201331
afk: false
