lastAccountName: Caber588
timestamps:
  login: 1587279254180
  logout: 1587230328879
  lastteleport: 1587281633779
ipAddress: 219.70.214.164
lastlocation:
  world: world
  x: -99.89033317755215
  y: 13.0
  z: -1119.7849101722888
  yaw: 349.02304
  pitch: 50.85005
logoutlocation:
  world: world
  x: -235.4814034102552
  y: 106.16876184814184
  z: -1063.4546175256992
  yaw: 3.8712158
  pitch: 43.201996
homes:
  home:
    world: world
    x: -223.4600836300147
    y: 104.0
    z: -1074.5400860477707
    yaw: 175.91743
    pitch: 13.201331
afk: false
