lastAccountName: Caber588
timestamps:
  login: 1604760248044
  logout: 1604762481054
  lastteleport: 1604760926540
ipAddress: 36.226.72.36
lastlocation:
  world: world
  x: -128.1243139981063
  y: 39.5
  z: -959.9036048271405
  yaw: 178.76985
  pitch: 24.899942
logoutlocation:
  world: world
  x: 253.18487830244118
  y: 69.55670971268475
  z: 399.2354707708262
  yaw: 244.35156
  pitch: 21.74996
homes:
  home:
    world: world
    x: -223.4600836300147
    y: 104.0
    z: -1074.5400860477707
    yaw: 175.91743
    pitch: 13.201331
afk: false
