lastAccountName: Caber588
timestamps:
  login: 1587015169934
  logout: 1587015263236
  lastteleport: 1586975085007
ipAddress: 219.70.214.164
lastlocation:
  world: world
  x: -217.6369396678859
  y: 74.0
  z: -965.528834628539
  yaw: 107.81885
  pitch: 24.59999
logoutlocation:
  world: world
  x: -169.6348249839933
  y: 79.0
  z: -1065.3162346392692
  yaw: 213.56879
  pitch: 15.151362
homes:
  home:
    world: world
    x: -223.4600836300147
    y: 104.0
    z: -1074.5400860477707
    yaw: 175.91743
    pitch: 13.201331
afk: false
