lastAccountName: Caber588
timestamps:
  login: 1587018285535
  logout: 1587018278436
  lastteleport: 1587018302866
ipAddress: 219.70.214.164
lastlocation:
  world: world
  x: -170.82027016369042
  y: 79.0
  z: -1065.7194610612223
  yaw: 75.41882
  pitch: 10.35136
logoutlocation:
  world: world
  x: -169.6348249839933
  y: 79.0
  z: -1065.3162346392692
  yaw: 213.56879
  pitch: 15.151362
homes:
  home:
    world: world
    x: -223.4600836300147
    y: 104.0
    z: -1074.5400860477707
    yaw: 175.91743
    pitch: 13.201331
afk: false
