lastAccountName: Caber588
timestamps:
  login: 1586428184235
  logout: 1586424989137
  lastteleport: 1586434975051
ipAddress: 219.70.214.164
lastlocation:
  world: world
  x: -85.85054408166917
  y: 17.0
  z: -1122.8304863132068
  yaw: 214.62662
  pitch: 18.450281
logoutlocation:
  world: world
  x: -229.96981232689566
  y: 104.0
  z: -1065.9794711585146
  yaw: 207.55957
  pitch: 24.751322
homes:
  home:
    world: world
    x: -223.4600836300147
    y: 104.0
    z: -1074.5400860477707
    yaw: 175.91743
    pitch: 13.201331
afk: false
