lastAccountName: Caber588
timestamps:
  login: 1587832767591
  logout: 1587796917772
  lastteleport: 1587832851589
ipAddress: 219.70.214.164
lastlocation:
  world: world
  x: -222.49414835702262
  y: 105.0
  z: -1086.4209677117024
  yaw: 342.25992
  pitch: 29.25137
logoutlocation:
  world: world
  x: -306.0604046221034
  y: 77.0
  z: -980.0128324699299
  yaw: 339.40967
  pitch: 45.151295
homes:
  home:
    world: world
    x: -223.4600836300147
    y: 104.0
    z: -1074.5400860477707
    yaw: 175.91743
    pitch: 13.201331
afk: false
