lastAccountName: Caber588
timestamps:
  login: 1586860586583
  logout: 1586798236245
  lastteleport: 1586860848350
ipAddress: 219.70.214.164
lastlocation:
  world: world
  x: -100.21497462447442
  y: 13.0
  z: -1120.447568583781
  yaw: 200.82153
  pitch: -11.548657
logoutlocation:
  world: world
  x: -219.62743951819002
  y: 105.61476262250834
  z: -1082.744532110644
  yaw: 177.27087
  pitch: 23.101383
homes:
  home:
    world: world
    x: -223.4600836300147
    y: 104.0
    z: -1074.5400860477707
    yaw: 175.91743
    pitch: 13.201331
afk: false
