lastAccountName: Caber588
timestamps:
  login: 1587786154492
  logout: 1587754689430
  lastteleport: 1587792795388
ipAddress: 219.70.214.164
lastlocation:
  world: world
  x: -246.3757222278744
  y: 12.0
  z: -1113.699999988079
  yaw: 296.67157
  pitch: -3.7500017
logoutlocation:
  world: world
  x: -356.25960085325676
  y: 89.0
  z: -981.061766357219
  yaw: 273.30957
  pitch: -3.150178
homes:
  home:
    world: world
    x: -223.4600836300147
    y: 104.0
    z: -1074.5400860477707
    yaw: 175.91743
    pitch: 13.201331
afk: false
