lastAccountName: Caber588
timestamps:
  login: 1586668874293
  logout: 1586684683805
  lastteleport: 1586684341217
ipAddress: 219.70.214.164
lastlocation:
  world: world
  x: -175.4057347163317
  y: 79.0
  z: -1068.986358472953
  yaw: 68.95679
  pitch: 19.80155
logoutlocation:
  world: world
  x: -161.30000001192093
  y: 79.0
  z: -1073.1911456275488
  yaw: 68.81616
  pitch: 19.950016
homes:
  home:
    world: world
    x: -223.4600836300147
    y: 104.0
    z: -1074.5400860477707
    yaw: 175.91743
    pitch: 13.201331
afk: false
