lastAccountName: Caber588
timestamps:
  login: 1587358765489
  logout: 1587321825802
  lastteleport: 1587374783217
ipAddress: 219.70.214.164
lastlocation:
  world: world
  x: -247.69999998807907
  y: 69.0
  z: -978.605900536436
  yaw: 274.7703
  pitch: 9.900003
logoutlocation:
  world: world
  x: -169.31207983411431
  y: 79.0
  z: -1066.7234527619828
  yaw: 31.620605
  pitch: 33.60168
homes:
  home:
    world: world
    x: -223.4600836300147
    y: 104.0
    z: -1074.5400860477707
    yaw: 175.91743
    pitch: 13.201331
afk: false
