lastAccountName: Caber588
timestamps:
  login: 1589202190869
  logout: 1589202586787
  lastteleport: 1589135744122
ipAddress: 219.70.214.164
lastlocation:
  world: world
  x: -732.0409090338526
  y: 78.0
  z: 118.42826187055653
  yaw: -45.761227
  pitch: 31.82001
logoutlocation:
  world: world_nether
  x: -156.87441045548354
  y: 83.0
  z: -1135.785386089188
  yaw: -250.68427
  pitch: 14.39984
homes:
  home:
    world: world
    x: -223.4600836300147
    y: 104.0
    z: -1074.5400860477707
    yaw: 175.91743
    pitch: 13.201331
afk: false
