lastAccountName: Caber588
timestamps:
  login: 1587197236710
  logout: 1587149238184
  lastteleport: 1587209518307
ipAddress: 219.70.214.164
lastlocation:
  world: world
  x: -306.3449540763136
  y: 87.16098216811936
  z: -1032.7431538133028
  yaw: 188.24878
  pitch: 30.15024
logoutlocation:
  world: world
  x: -293.035325078397
  y: 76.0
  z: -974.2057411683501
  yaw: 190.61304
  pitch: 1.0499632
homes:
  home:
    world: world
    x: -223.4600836300147
    y: 104.0
    z: -1074.5400860477707
    yaw: 175.91743
    pitch: 13.201331
afk: false
