lastAccountName: Caber588
timestamps:
  login: 1587457823445
  logout: 1587403307944
  lastteleport: 1587475812050
ipAddress: 219.70.214.164
lastlocation:
  world: world
  x: -203.30000001192093
  y: 12.0
  z: -1064.300000011921
  yaw: -7.6772532
  pitch: 40.349857
logoutlocation:
  world: world
  x: -277.299134517961
  y: 133.0
  z: -1006.978295323739
  yaw: 66.67529
  pitch: 69.75012
homes:
  home:
    world: world
    x: -223.4600836300147
    y: 104.0
    z: -1074.5400860477707
    yaw: 175.91743
    pitch: 13.201331
afk: false
