lastAccountName: Caber588
timestamps:
  login: 1589964230285
  logout: 1589966421717
  lastteleport: 1589965966247
ipAddress: 219.70.214.164
lastlocation:
  world: world
  x: 93.3472484794068
  y: 64.0
  z: -1236.426408335624
  yaw: 32.933105
  pitch: 29.24998
logoutlocation:
  world: world
  x: 783.5964353130246
  y: 71.0
  z: -1750.0155785390693
  yaw: 38.388184
  pitch: 38.400234
homes:
  home:
    world: world
    x: -223.4600836300147
    y: 104.0
    z: -1074.5400860477707
    yaw: 175.91743
    pitch: 13.201331
afk: false
