lastAccountName: Caber588
timestamps:
  login: 1587646031953
  logout: 1587662162347
  lastteleport: 1587662125473
ipAddress: 219.70.214.164
lastlocation:
  world: world
  x: -7625.3807798295475
  y: 62.72115477821016
  z: -1260.9343460991313
  yaw: 133.91742
  pitch: 38.100002
logoutlocation:
  world: world
  x: -219.6203165137664
  y: 104.76094698702687
  z: -1085.5801771734793
  yaw: 6.2673035
  pitch: 20.701342
homes:
  home:
    world: world
    x: -223.4600836300147
    y: 104.0
    z: -1074.5400860477707
    yaw: 175.91743
    pitch: 13.201331
afk: false
