lastAccountName: Caber588
timestamps:
  login: 1590564391400
  logout: 1590564475276
  lastteleport: 1589965966247
ipAddress: 219.70.214.164
lastlocation:
  world: world
  x: 93.3472484794068
  y: 64.0
  z: -1236.426408335624
  yaw: 32.933105
  pitch: 29.24998
logoutlocation:
  world: world
  x: 781.1555233505665
  y: 70.67784455838701
  z: -1755.4562703817187
  yaw: -34.506897
  pitch: -27.449907
homes:
  home:
    world: world
    x: -223.4600836300147
    y: 104.0
    z: -1074.5400860477707
    yaw: 175.91743
    pitch: 13.201331
afk: false
