lastAccountName: Caber588
timestamps:
  login: 1586535916215
  logout: 1586531595946
  lastteleport: 1586536379654
ipAddress: 219.70.214.164
lastlocation:
  world: world
  x: -172.42947514272046
  y: 79.0
  z: -1067.1136950305092
  yaw: 168.422
  pitch: 28.049929
logoutlocation:
  world: world
  x: -174.89747272811528
  y: 79.0
  z: -1072.5845159443418
  yaw: 278.826
  pitch: 14.0999155
homes:
  home:
    world: world
    x: -223.4600836300147
    y: 104.0
    z: -1074.5400860477707
    yaw: 175.91743
    pitch: 13.201331
afk: false
