lastAccountName: Caber588
timestamps:
  login: 1590570317295
  logout: 1590571088524
  lastteleport: 1590570345562
ipAddress: 219.70.214.164
lastlocation:
  world: world
  x: 781.0402995944606
  y: 70.0
  z: -1755.6036096820158
  yaw: 138.14322
  pitch: 4.8000736
logoutlocation:
  world: world
  x: 281.54336300938803
  y: 83.0
  z: 476.8284871859084
  yaw: -138.28076
  pitch: 36.450195
homes:
  home:
    world: world
    x: -223.4600836300147
    y: 104.0
    z: -1074.5400860477707
    yaw: 175.91743
    pitch: 13.201331
afk: false
