lastAccountName: Caber588
timestamps:
  login: 1587279254180
  logout: 1587230328879
  lastteleport: 1587285702293
ipAddress: 219.70.214.164
lastlocation:
  world: world
  x: -211.08220696511023
  y: 100.61813590589185
  z: -1059.9285944173444
  yaw: 89.81384
  pitch: 3.6014302
logoutlocation:
  world: world
  x: -235.4814034102552
  y: 106.16876184814184
  z: -1063.4546175256992
  yaw: 3.8712158
  pitch: 43.201996
homes:
  home:
    world: world
    x: -223.4600836300147
    y: 104.0
    z: -1074.5400860477707
    yaw: 175.91743
    pitch: 13.201331
afk: false
