lastAccountName: Caber588
timestamps:
  login: 1587985126039
  logout: 1588008272338
  lastteleport: 1588007917041
ipAddress: 219.70.214.164
lastlocation:
  world: world_the_end
  x: 9337.59631575103
  y: 41.0
  z: 5409.307147674857
  yaw: -179.253
  pitch: 26.550196
logoutlocation:
  world: world
  x: -222.85254724009002
  y: 105.0
  z: -1085.6855526819038
  yaw: -18.179688
  pitch: 22.201347
homes:
  home:
    world: world
    x: -223.4600836300147
    y: 104.0
    z: -1074.5400860477707
    yaw: 175.91743
    pitch: 13.201331
afk: false
