lastAccountName: Caber588
timestamps:
  login: 1587922893057
  logout: 1587922918090
  lastteleport: 1587909195278
ipAddress: 219.70.214.164
lastlocation:
  world: world
  x: -269.15575107355534
  y: 11.0
  z: -1060.699999988079
  yaw: 254.66058
  pitch: 9.750016
logoutlocation:
  world: world
  x: -160.8184399687707
  y: 79.0
  z: -1065.9054702429173
  yaw: 56.92993
  pitch: 17.551428
homes:
  home:
    world: world
    x: -223.4600836300147
    y: 104.0
    z: -1074.5400860477707
    yaw: 175.91743
    pitch: 13.201331
afk: false
