lastAccountName: Caber588
timestamps:
  login: 1587032974375
  logout: 1587027334028
  lastteleport: 1587040531148
ipAddress: 219.70.214.164
lastlocation:
  world: world
  x: -221.14878302655418
  y: 104.0
  z: -1079.699999988079
  yaw: 257.9675
  pitch: 43.651333
logoutlocation:
  world: world
  x: -222.42466001970345
  y: 105.0
  z: -1080.7492131127017
  yaw: 13.383423
  pitch: 26.099838
homes:
  home:
    world: world
    x: -223.4600836300147
    y: 104.0
    z: -1074.5400860477707
    yaw: 175.91743
    pitch: 13.201331
afk: false
