lastAccountName: Caber588
timestamps:
  login: 1587019432466
  logout: 1587027334028
  lastteleport: 1587026564449
ipAddress: 219.70.214.164
lastlocation:
  world: world
  x: -418.33556868552074
  y: 113.97303398414724
  z: -1374.4727425475628
  yaw: 105.56782
  pitch: 41.25137
logoutlocation:
  world: world
  x: -222.42466001970345
  y: 105.0
  z: -1080.7492131127017
  yaw: 13.383423
  pitch: 26.099838
homes:
  home:
    world: world
    x: -223.4600836300147
    y: 104.0
    z: -1074.5400860477707
    yaw: 175.91743
    pitch: 13.201331
afk: false
