lastAccountName: Caber588
timestamps:
  login: 1587032974375
  logout: 1587027334028
  lastteleport: 1587036659548
ipAddress: 219.70.214.164
lastlocation:
  world: world
  x: -164.44029684329388
  y: 34.25956318611052
  z: -1119.1978612202158
  yaw: 150.30078
  pitch: 27.750103
logoutlocation:
  world: world
  x: -222.42466001970345
  y: 105.0
  z: -1080.7492131127017
  yaw: 13.383423
  pitch: 26.099838
homes:
  home:
    world: world
    x: -223.4600836300147
    y: 104.0
    z: -1074.5400860477707
    yaw: 175.91743
    pitch: 13.201331
afk: false
