lastAccountName: Caber588
timestamps:
  login: 1588612923381
  logout: 1588613756332
  lastteleport: 1588422574143
ipAddress: 219.70.214.164
lastlocation:
  world: world_nether
  x: -149.8564334893546
  y: 75.0
  z: -1110.9001956753955
  yaw: 276.8606
  pitch: 15.299938
logoutlocation:
  world: world
  x: -110.30000001192101
  y: 43.875
  z: -972.3000000119209
  yaw: 94.32471
  pitch: 52.500004
homes:
  home:
    world: world
    x: -223.4600836300147
    y: 104.0
    z: -1074.5400860477707
    yaw: 175.91743
    pitch: 13.201331
afk: false
