lastAccountName: Caber588
timestamps:
  login: 1586345676202
  logout: 1586194970269
ipAddress: 219.70.214.164
lastlocation:
  world: world
  x: 212.0
  y: 65.0
  z: 271.0
  yaw: 0.0
  pitch: 0.0
logoutlocation:
  world: world
  x: -3565.8411949916967
  y: 67.0
  z: 3521.4948505092716
  yaw: 73.35402
  pitch: 56.100468
