lastAccountName: Caber588
timestamps:
  login: 1587143059411
  logout: 1587127452002
  lastteleport: 1587148894842
ipAddress: 219.70.214.164
lastlocation:
  world: world
  x: -100.4683038573196
  y: 13.0
  z: -1122.5250139345187
  yaw: 331.91757
  pitch: 0.15151209
logoutlocation:
  world: world
  x: -218.96568743665378
  y: 105.17291429705664
  z: -1077.531845049796
  yaw: 20.820923
  pitch: 21.00144
homes:
  home:
    world: world
    x: -223.4600836300147
    y: 104.0
    z: -1074.5400860477707
    yaw: 175.91743
    pitch: 13.201331
afk: false
