lastAccountName: Caber588
timestamps:
  login: 1587289153365
  logout: 1587296927060
  lastteleport: 1587291601883
ipAddress: 219.70.214.164
lastlocation:
  world: world
  x: 443.5581100269684
  y: 71.2757396990858
  z: 690.5488151799301
  yaw: 73.32604
  pitch: 40.05006
logoutlocation:
  world: world
  x: -223.96220770472718
  y: 106.41892313145945
  z: -1077.8263213341345
  yaw: 312.22266
  pitch: 53.400517
homes:
  home:
    world: world
    x: -223.4600836300147
    y: 104.0
    z: -1074.5400860477707
    yaw: 175.91743
    pitch: 13.201331
afk: false
