lastAccountName: Caber588
timestamps:
  login: 1586699915448
  logout: 1586699912446
  lastteleport: 1586716872155
ipAddress: 219.70.214.164
lastlocation:
  world: world
  x: 211.8457847708109
  y: 73.0
  z: 251.49140594143836
  yaw: -307.2636
  pitch: 19.35005
logoutlocation:
  world: world
  x: -181.45422141176914
  y: 79.0
  z: -1016.9162014464396
  yaw: 201.4043
  pitch: 16.949978
homes:
  home:
    world: world
    x: -223.4600836300147
    y: 104.0
    z: -1074.5400860477707
    yaw: 175.91743
    pitch: 13.201331
afk: false
