lastAccountName: Caber588
timestamps:
  login: 1586446955865
  logout: 1586438074287
  lastteleport: 1586447245168
ipAddress: 219.70.214.164
lastlocation:
  world: world
  x: -182.72357307646928
  y: 79.0
  z: -1072.0350964809136
  yaw: 77.22065
  pitch: 22.950182
logoutlocation:
  world: world
  x: -194.362816590684
  y: 79.0
  z: -1071.925000011921
  yaw: 192.29712
  pitch: 22.50025
homes:
  home:
    world: world
    x: -223.4600836300147
    y: 104.0
    z: -1074.5400860477707
    yaw: 175.91743
    pitch: 13.201331
afk: false
