lastAccountName: Caber588
timestamps:
  login: 1587397228304
  logout: 1587403307944
  lastteleport: 1587400616667
ipAddress: 219.70.214.164
lastlocation:
  world: world
  x: -220.0697735155579
  y: 104.28016654583224
  z: -1095.167886725743
  yaw: 353.66745
  pitch: 26.401327
logoutlocation:
  world: world
  x: -277.299134517961
  y: 133.0
  z: -1006.978295323739
  yaw: 66.67529
  pitch: 69.75012
homes:
  home:
    world: world
    x: -223.4600836300147
    y: 104.0
    z: -1074.5400860477707
    yaw: 175.91743
    pitch: 13.201331
afk: false
