lastAccountName: Caber588
timestamps:
  login: 1587481214370
  logout: 1587492869696
  lastteleport: 1587492855775
ipAddress: 219.70.214.164
lastlocation:
  world: world
  x: -2206.325641395909
  y: 123.27617200933051
  z: -31885.92261480455
  yaw: 173.95642
  pitch: 72.90032
logoutlocation:
  world: world
  x: -170.81434360611456
  y: 79.0
  z: -1065.9227807341729
  yaw: 6.2674866
  pitch: 27.751343
homes:
  home:
    world: world
    x: -223.4600836300147
    y: 104.0
    z: -1074.5400860477707
    yaw: 175.91743
    pitch: 13.201331
afk: false
