lastAccountName: Caber588
timestamps:
  login: 1587457823445
  logout: 1587403307944
  lastteleport: 1587461846375
ipAddress: 219.70.214.164
lastlocation:
  world: world
  x: -307.3450359555908
  y: 118.0
  z: -981.5629984490347
  yaw: 276.86884
  pitch: 17.101347
logoutlocation:
  world: world
  x: -277.299134517961
  y: 133.0
  z: -1006.978295323739
  yaw: 66.67529
  pitch: 69.75012
homes:
  home:
    world: world
    x: -223.4600836300147
    y: 104.0
    z: -1074.5400860477707
    yaw: 175.91743
    pitch: 13.201331
afk: false
