lastAccountName: Caber588
timestamps:
  login: 1586413272914
  logout: 1586412831788
ipAddress: 219.70.214.164
lastlocation:
  world: world
  x: 212.0
  y: 65.0
  z: 271.0
  yaw: 0.0
  pitch: 0.0
logoutlocation:
  world: world
  x: -229.98796721473295
  y: 104.0
  z: -1067.094709374819
  yaw: 257.6593
  pitch: 5.5500827
