lastAccountName: Caber588
timestamps:
  login: 1586421350647
  logout: 1586420918489
ipAddress: 219.70.214.164
lastlocation:
  world: world
  x: 212.0
  y: 65.0
  z: 271.0
  yaw: 0.0
  pitch: 0.0
logoutlocation:
  world: world
  x: -230.42602488873527
  y: 104.0
  z: -1066.9622455395408
  yaw: 279.6289
  pitch: 0.45081803
