lastAccountName: Caber588
timestamps:
  login: 1588353531094
  logout: 1588262636205
  lastteleport: 1588356777843
ipAddress: 219.70.214.164
lastlocation:
  world: world
  x: -127.97408420030368
  y: 30.0
  z: -969.692704604053
  yaw: 107.38256
  pitch: 18.299967
logoutlocation:
  world: world
  x: -232.20507622501265
  y: 106.24284226378882
  z: -1070.8470155349276
  yaw: 284.21686
  pitch: 31.201368
homes:
  home:
    world: world
    x: -223.4600836300147
    y: 104.0
    z: -1074.5400860477707
    yaw: 175.91743
    pitch: 13.201331
afk: false
