lastAccountName: Caber588
timestamps:
  login: 1587050310363
  logout: 1587047399706
  lastteleport: 1587046423183
ipAddress: 219.70.214.164
lastlocation:
  world: world
  x: -215.78355284634458
  y: 32.0
  z: -1101.0030638328435
  yaw: 358.92456
  pitch: 9.300392
logoutlocation:
  world: world
  x: -230.84550591491293
  y: 124.34615592680166
  z: -1052.699999988079
  yaw: 267.229
  pitch: 7.351723
homes:
  home:
    world: world
    x: -223.4600836300147
    y: 104.0
    z: -1074.5400860477707
    yaw: 175.91743
    pitch: 13.201331
afk: false
