lastAccountName: Caber588
timestamps:
  login: 1589376985478
  logout: 1589381787602
  lastteleport: 1589377873669
ipAddress: 219.70.214.164
lastlocation:
  world: world
  x: -220.27286634902006
  y: 105.26107904022295
  z: -1088.3339390576898
  yaw: 284.66745
  pitch: 15.751324
logoutlocation:
  world: world
  x: -220.42500001192093
  y: 104.125
  z: -1099.425000011921
  yaw: 29.914062
  pitch: 50.40029
homes:
  home:
    world: world
    x: -223.4600836300147
    y: 104.0
    z: -1074.5400860477707
    yaw: 175.91743
    pitch: 13.201331
afk: false
