lastAccountName: Caber588
timestamps:
  login: 1586361252140
  logout: 1586367821040
ipAddress: 219.70.214.164
lastlocation:
  world: world
  x: 212.0
  y: 65.0
  z: 271.0
  yaw: 0.0
  pitch: 0.0
logoutlocation:
  world: world
  x: -221.96264307030268
  y: 105.1875
  z: -1069.8208016131402
  yaw: 13.263184
  pitch: 49.80024
