lastAccountName: Caber588
timestamps:
  login: 1587457823445
  logout: 1587403307944
  lastteleport: 1587465142675
ipAddress: 219.70.214.164
lastlocation:
  world: world
  x: -219.7640391759887
  y: 104.88607973165053
  z: -1083.8590086677614
  yaw: 1.9173584
  pitch: 25.201328
logoutlocation:
  world: world
  x: -277.299134517961
  y: 133.0
  z: -1006.978295323739
  yaw: 66.67529
  pitch: 69.75012
homes:
  home:
    world: world
    x: -223.4600836300147
    y: 104.0
    z: -1074.5400860477707
    yaw: 175.91743
    pitch: 13.201331
afk: false
