lastAccountName: Caber588
timestamps:
  login: 1587923052871
  logout: 1587924433595
  lastteleport: 1587924081454
ipAddress: 219.70.214.164
lastlocation:
  world: world
  x: -172.85849575450226
  y: 147.54725777193966
  z: -1183.0652333805451
  yaw: 36.865417
  pitch: 38.401417
logoutlocation:
  world: world
  x: -221.62348637601463
  y: 105.0
  z: -1088.9887801397765
  yaw: 14.218323
  pitch: 13.501466
homes:
  home:
    world: world
    x: -223.4600836300147
    y: 104.0
    z: -1074.5400860477707
    yaw: 175.91743
    pitch: 13.201331
afk: false
