lastAccountName: Caber588
timestamps:
  login: 1588259561683
  logout: 1588262636205
  lastteleport: 1588262520638
ipAddress: 219.70.214.164
lastlocation:
  world: world
  x: 81.02783976572641
  y: 82.53406982326332
  z: -1248.1390580531252
  yaw: 97.07764
  pitch: 11.550015
logoutlocation:
  world: world
  x: -232.20507622501265
  y: 106.24284226378882
  z: -1070.8470155349276
  yaw: 284.21686
  pitch: 31.201368
homes:
  home:
    world: world
    x: -223.4600836300147
    y: 104.0
    z: -1074.5400860477707
    yaw: 175.91743
    pitch: 13.201331
afk: false
