lastAccountName: Caber588
timestamps:
  login: 1586699915448
  logout: 1586718663016
  lastteleport: 1586718001314
ipAddress: 219.70.214.164
lastlocation:
  world: world
  x: -98.65151464303995
  y: 12.5
  z: -1119.8022703279778
  yaw: 306.41772
  pitch: 18.751549
logoutlocation:
  world: world
  x: -166.11172718575952
  y: 78.0
  z: -1064.545232707764
  yaw: 29.64087
  pitch: 16.950104
homes:
  home:
    world: world
    x: -223.4600836300147
    y: 104.0
    z: -1074.5400860477707
    yaw: 175.91743
    pitch: 13.201331
afk: false
