lastAccountName: Caber588
timestamps:
  login: 1588212893069
  logout: 1588100521432
  lastteleport: 1588214232460
ipAddress: 219.70.214.164
lastlocation:
  world: world
  x: 580.1593992488787
  y: 72.44933166114353
  z: -215.2265043603106
  yaw: 130.38788
  pitch: 40.949665
logoutlocation:
  world: world
  x: -160.654983680243
  y: 75.0
  z: -1002.6999999880791
  yaw: 3.336153
  pitch: 20.10004
homes:
  home:
    world: world
    x: -223.4600836300147
    y: 104.0
    z: -1074.5400860477707
    yaw: 175.91743
    pitch: 13.201331
afk: false
