lastAccountName: Caber588
timestamps:
  login: 1586668874293
  logout: 1586540002651
  lastteleport: 1586673686786
ipAddress: 219.70.214.164
lastlocation:
  world: world_nether
  x: 66.69999998807907
  y: 69.0
  z: -951.8236884565857
  yaw: 25.617249
  pitch: 43.94998
logoutlocation:
  world: world
  x: -219.9853394268665
  y: 104.0
  z: -1084.766222585512
  yaw: 229.018
  pitch: 22.351414
homes:
  home:
    world: world
    x: -223.4600836300147
    y: 104.0
    z: -1074.5400860477707
    yaw: 175.91743
    pitch: 13.201331
afk: false
