lastAccountName: Caber588
timestamps:
  login: 1587358765489
  logout: 1587321825802
  lastteleport: 1587371875818
ipAddress: 219.70.214.164
lastlocation:
  world: world
  x: -312.93684346384185
  y: 113.68922391166511
  z: -968.023335030728
  yaw: 280.6748
  pitch: -3.4484112
logoutlocation:
  world: world
  x: -169.31207983411431
  y: 79.0
  z: -1066.7234527619828
  yaw: 31.620605
  pitch: 33.60168
homes:
  home:
    world: world
    x: -223.4600836300147
    y: 104.0
    z: -1074.5400860477707
    yaw: 175.91743
    pitch: 13.201331
afk: false
