lastAccountName: Caber588
timestamps:
  login: 1587985126039
  logout: 1587972271077
  lastteleport: 1587988634640
ipAddress: 219.70.214.164
lastlocation:
  world: world
  x: -154.620239162188
  y: 154.77707718236567
  z: -1205.321942529996
  yaw: 312.06702
  pitch: 48.600452
logoutlocation:
  world: world
  x: -216.5379442570134
  y: 105.0625
  z: -1071.245049044859
  yaw: 93.54479
  pitch: 34.500217
homes:
  home:
    world: world
    x: -223.4600836300147
    y: 104.0
    z: -1074.5400860477707
    yaw: 175.91743
    pitch: 13.201331
afk: false
