lastAccountName: Caber588
timestamps:
  login: 1587985126039
  logout: 1587972271077
  lastteleport: 1588003860742
ipAddress: 219.70.214.164
lastlocation:
  world: world
  x: -230.311989370616
  y: 103.99876999725124
  z: -1052.563819474366
  yaw: 157.77002
  pitch: 31.951387
logoutlocation:
  world: world
  x: -216.5379442570134
  y: 105.0625
  z: -1071.245049044859
  yaw: 93.54479
  pitch: 34.500217
homes:
  home:
    world: world
    x: -223.4600836300147
    y: 104.0
    z: -1074.5400860477707
    yaw: 175.91743
    pitch: 13.201331
afk: false
