lastAccountName: Caber588
timestamps:
  login: 1587646031953
  logout: 1587582099521
  lastteleport: 1587652912401
ipAddress: 219.70.214.164
lastlocation:
  world: world
  x: -222.12690336797397
  y: 9.0
  z: -1057.3864728908043
  yaw: -227.58984
  pitch: 26.700169
logoutlocation:
  world: world
  x: -305.2736208908718
  y: 118.0
  z: -981.2199502522365
  yaw: 217.33063
  pitch: 34.20009
homes:
  home:
    world: world
    x: -223.4600836300147
    y: 104.0
    z: -1074.5400860477707
    yaw: 175.91743
    pitch: 13.201331
afk: false
