lastAccountName: Caber588
timestamps:
  login: 1589130557514
  logout: 1589136010551
  lastteleport: 1589135744122
ipAddress: 219.70.214.164
lastlocation:
  world: world
  x: -732.0409090338526
  y: 78.0
  z: 118.42826187055653
  yaw: -45.761227
  pitch: 31.82001
logoutlocation:
  world: world
  x: -220.75019886752355
  y: 111.0
  z: -1083.699999988079
  yaw: 37.16284
  pitch: 17.399954
homes:
  home:
    world: world
    x: -223.4600836300147
    y: 104.0
    z: -1074.5400860477707
    yaw: 175.91743
    pitch: 13.201331
afk: false
