lastAccountName: Caber588
timestamps:
  login: 1587481214370
  logout: 1587481206810
  lastteleport: 1587487913825
ipAddress: 219.70.214.164
lastlocation:
  world: world
  x: -93.15168687376593
  y: 15.5
  z: -1119.9476460695296
  yaw: 96.20508
  pitch: 29.550678
logoutlocation:
  world: world
  x: -98.30000001192093
  y: 12.5
  z: -1120.762499988079
  yaw: 226.89844
  pitch: 90.0
homes:
  home:
    world: world
    x: -223.4600836300147
    y: 104.0
    z: -1074.5400860477707
    yaw: 175.91743
    pitch: 13.201331
afk: false
