lastAccountName: Caber588
timestamps:
  login: 1587019432466
  logout: 1587018278436
  lastteleport: 1587021895249
ipAddress: 219.70.214.164
lastlocation:
  world: world
  x: -269.018728543222
  y: 132.0
  z: -1009.601311245849
  yaw: 106.08887
  pitch: 26.099792
logoutlocation:
  world: world
  x: -169.6348249839933
  y: 79.0
  z: -1065.3162346392692
  yaw: 213.56879
  pitch: 15.151362
homes:
  home:
    world: world
    x: -223.4600836300147
    y: 104.0
    z: -1074.5400860477707
    yaw: 175.91743
    pitch: 13.201331
afk: false
