lastAccountName: Caber588
timestamps:
  login: 1586345676202
  logout: 1586346917314
ipAddress: 219.70.214.164
lastlocation:
  world: world
  x: 212.0
  y: 65.0
  z: 271.0
  yaw: 0.0
  pitch: 0.0
logoutlocation:
  world: world
  x: -3618.661699438755
  y: 42.0
  z: 3507.4660016919274
  yaw: 30.310818
  pitch: 8.1001625
