lastAccountName: Caber588
timestamps:
  login: 1586531598035
  logout: 1586531595946
  lastteleport: 1586532117071
ipAddress: 219.70.214.164
lastlocation:
  world: world
  x: -223.5
  y: 104.0
  z: -1074.5
  yaw: 66.56665
  pitch: 13.201331
logoutlocation:
  world: world
  x: -174.89747272811528
  y: 79.0
  z: -1072.5845159443418
  yaw: 278.826
  pitch: 14.0999155
homes:
  home:
    world: world
    x: -223.4600836300147
    y: 104.0
    z: -1074.5400860477707
    yaw: 175.91743
    pitch: 13.201331
afk: false
