lastAccountName: Caber588
timestamps:
  login: 1586519654782
  logout: 1586519649201
  lastteleport: 1586528997028
ipAddress: 219.70.214.164
lastlocation:
  world: world
  x: -183.19778317409524
  y: 79.0
  z: -1071.4083876130012
  yaw: 68.217834
  pitch: 12.751695
logoutlocation:
  world: world
  x: -178.29861167928107
  y: 79.0
  z: -1071.7358973699352
  yaw: 14.216919
  pitch: 6.3014054
homes:
  home:
    world: world
    x: -223.4600836300147
    y: 104.0
    z: -1074.5400860477707
    yaw: 175.91743
    pitch: 13.201331
afk: false
