lastAccountName: Caber588
timestamps:
  login: 1586535916215
  logout: 1586540002651
  lastteleport: 1586539860219
ipAddress: 219.70.214.164
lastlocation:
  world: world
  x: 271.28630200501055
  y: 78.0
  z: 377.9559981574419
  yaw: 150.3872
  pitch: 11.701552
logoutlocation:
  world: world
  x: -219.9853394268665
  y: 104.0
  z: -1084.766222585512
  yaw: 229.018
  pitch: 22.351414
homes:
  home:
    world: world
    x: -223.4600836300147
    y: 104.0
    z: -1074.5400860477707
    yaw: 175.91743
    pitch: 13.201331
afk: false
