lastAccountName: Caber588
timestamps:
  login: 1588259561683
  logout: 1588248673988
  lastteleport: 1588259622868
ipAddress: 219.70.214.164
lastlocation:
  world: world
  x: -122.30000001192093
  y: 86.875
  z: -1203.8516597023972
  yaw: 45.564026
  pitch: 3.1499922
logoutlocation:
  world: world
  x: -158.01317685200405
  y: 94.0
  z: -1189.021345678898
  yaw: 252.86412
  pitch: 44.40049
homes:
  home:
    world: world
    x: -223.4600836300147
    y: 104.0
    z: -1074.5400860477707
    yaw: 175.91743
    pitch: 13.201331
afk: false
