lastAccountName: Caber588
timestamps:
  login: 1587289153365
  logout: 1587230328879
  lastteleport: 1587291601883
ipAddress: 219.70.214.164
lastlocation:
  world: world
  x: 443.5581100269684
  y: 71.2757396990858
  z: 690.5488151799301
  yaw: 73.32604
  pitch: 40.05006
logoutlocation:
  world: world
  x: -235.4814034102552
  y: 106.16876184814184
  z: -1063.4546175256992
  yaw: 3.8712158
  pitch: 43.201996
homes:
  home:
    world: world
    x: -223.4600836300147
    y: 104.0
    z: -1074.5400860477707
    yaw: 175.91743
    pitch: 13.201331
afk: false
