lastAccountName: Caber588
timestamps:
  login: 1586860586583
  logout: 1586798236245
  lastteleport: 1586882962849
ipAddress: 219.70.214.164
lastlocation:
  world: world
  x: -302.8208454495649
  y: 121.24742526070962
  z: -971.8186442739687
  yaw: 262.05566
  pitch: 11.700604
logoutlocation:
  world: world
  x: -219.62743951819002
  y: 105.61476262250834
  z: -1082.744532110644
  yaw: 177.27087
  pitch: 23.101383
homes:
  home:
    world: world
    x: -223.4600836300147
    y: 104.0
    z: -1074.5400860477707
    yaw: 175.91743
    pitch: 13.201331
afk: false
