lastAccountName: Caber588
timestamps:
  login: 1587985126039
  logout: 1587972271077
  lastteleport: 1588001180456
ipAddress: 219.70.214.164
lastlocation:
  world: world
  x: -335.1379781916609
  y: 81.0
  z: -1052.6406154906274
  yaw: 188.80664
  pitch: 10.50018
logoutlocation:
  world: world
  x: -216.5379442570134
  y: 105.0625
  z: -1071.245049044859
  yaw: 93.54479
  pitch: 34.500217
homes:
  home:
    world: world
    x: -223.4600836300147
    y: 104.0
    z: -1074.5400860477707
    yaw: 175.91743
    pitch: 13.201331
afk: false
