lastAccountName: Caber588
timestamps:
  login: 1586964800676
  logout: 1586888403435
  lastteleport: 1586888052300
ipAddress: 219.70.214.164
lastlocation:
  world: world
  x: -298.88855795100915
  y: 120.11071737051459
  z: -972.2647361938044
  yaw: 289.46826
  pitch: 40.351295
logoutlocation:
  world: world
  x: -168.59983381090422
  y: 80.74293160172489
  z: -1064.7425759975981
  yaw: 102.71936
  pitch: 24.151249
homes:
  home:
    world: world
    x: -223.4600836300147
    y: 104.0
    z: -1074.5400860477707
    yaw: 175.91743
    pitch: 13.201331
afk: false
