lastAccountName: Caber588
timestamps:
  login: 1586785988947
  logout: 1586718663016
  lastteleport: 1586795676268
ipAddress: 219.70.214.164
lastlocation:
  world: world
  x: -407.8392817030443
  y: 12.0
  z: 1277.2585520427651
  yaw: 77.23796
  pitch: 48.89978
logoutlocation:
  world: world
  x: -166.11172718575952
  y: 78.0
  z: -1064.545232707764
  yaw: 29.64087
  pitch: 16.950104
homes:
  home:
    world: world
    x: -223.4600836300147
    y: 104.0
    z: -1074.5400860477707
    yaw: 175.91743
    pitch: 13.201331
afk: false
