lastAccountName: Caber588
timestamps:
  login: 1588353531094
  logout: 1588262636205
  lastteleport: 1588354886592
ipAddress: 219.70.214.164
lastlocation:
  world: world
  x: -113.48038964273466
  y: 12.0
  z: -972.6273946667867
  yaw: 4.9282227
  pitch: 48.599995
logoutlocation:
  world: world
  x: -232.20507622501265
  y: 106.24284226378882
  z: -1070.8470155349276
  yaw: 284.21686
  pitch: 31.201368
homes:
  home:
    world: world
    x: -223.4600836300147
    y: 104.0
    z: -1074.5400860477707
    yaw: 175.91743
    pitch: 13.201331
afk: false
