lastAccountName: AKen
timestamps:
  login: 1586182427438
  logout: 1586184280857
ipAddress: 101.12.45.129
lastlocation:
  world: world
  x: 212.0
  y: 65.0
  z: 271.0
  yaw: 0.0
  pitch: 0.0
logoutlocation:
  world: world
  x: 209.36476573831243
  y: 73.0
  z: 249.43389625825125
  yaw: 157.94987
  pitch: 16.499998
