lastAccountName: kevinchiu
timestamps:
  login: 1586875905601
  logout: 1586879646336
  lastteleport: 1586876739066
ipAddress: 36.225.37.252
lastlocation:
  world: world
  x: 219.42409291358422
  y: 69.0
  z: 265.21730223244913
  yaw: 141.53572
  pitch: 53.250046
logoutlocation:
  world: world
  x: 330.8689054498819
  y: 64.0
  z: 694.9620354755198
  yaw: 140.08856
  pitch: 23.699284
afk: false
