lastAccountName: Moboro
timestamps:
  login: 1587296900784
  lastteleport: 1587312170811
  logout: 1587317195808
ipAddress: 1.34.107.64
lastlocation:
  world: world
  x: -4400.269169834327
  y: 18.77828713168482
  z: 715.0779884445584
  yaw: 87.454056
  pitch: 13.312148
homes:
  home:
    world: world
    x: -4369.52765276358
    y: 63.0
    z: 688.3672668933777
    yaw: 322.6211
    pitch: 32.545803
afk: false
logoutlocation:
  world: world
  x: -4255.957135668287
  y: 25.0
  z: 599.6946858154947
  yaw: 194.64136
  pitch: 26.381163
