lastAccountName: Moboro
timestamps:
  login: 1587296900784
  lastteleport: 1587302688026
ipAddress: 1.34.107.64
lastlocation:
  world: world
  x: -4395.2945901457615
  y: 23.0
  z: 658.9980153948384
  yaw: -10.692963
  pitch: 44.629997
homes:
  home:
    world: world
    x: -4369.52765276358
    y: 63.0
    z: 688.3672668933777
    yaw: 322.6211
    pitch: 32.545803
afk: false
