lastAccountName: cov2019
timestamps:
  login: 1588922477481
  lastteleport: 1588922607672
  logout: 1588922716314
ipAddress: 61.216.179.32
lastlocation:
  world: world
  x: 220.53905563432784
  y: 68.0
  z: 267.30178304653003
  yaw: -134.76366
  pitch: 1.9499549
logoutlocation:
  world: world
  x: -196.44166818050812
  y: 79.0
  z: -1083.0656394578612
  yaw: 294.0384
  pitch: 19.950022
