lastAccountName: Allen
timestamps:
  login: 1586702114626
  logout: 1586703230155
ipAddress: 123.193.76.147
lastlocation:
  world: world
  x: 209.34608639122578
  y: 59.6088590117321
  z: -282.3706012159139
  yaw: 330.53607
  pitch: 35.850048
logoutlocation:
  world: world
  x: -345.69999998807907
  y: 62.9375
  z: -437.30000001192093
  yaw: -266.752
  pitch: 13.950405
