lastAccountName: Allen
timestamps:
  login: 1587472438133
  logout: 1587398875455
  lastteleport: 1587398408391
ipAddress: 123.193.76.147
lastlocation:
  world: world
  x: -1483.8310475020344
  y: 65.0
  z: -660.7753247391653
  yaw: 136.93005
  pitch: 9.000097
logoutlocation:
  world: world
  x: -1467.3684343574832
  y: 74.0
  z: -630.9483943932123
  yaw: -46.09907
  pitch: 23.699913
afk: false
