lastAccountName: Allen
timestamps:
  login: 1591634198564
  logout: 1591639706080
  lastteleport: 1591547964570
ipAddress: 123.193.76.147
lastlocation:
  world: world
  x: -1466.5
  y: 69.0000002
  z: -650.5
  yaw: -2.5500004
  pitch: 1.2
logoutlocation:
  world: world
  x: -1465.0395486891687
  y: 69.0
  z: -649.9507369453019
  yaw: -328.3185
  pitch: 13.799953
afk: false
homes:
  home:
    world: world
    x: -1466.4510579219
    y: 69.0
    z: -643.0374962891651
    yaw: -99.581894
    pitch: 14.250047
