lastAccountName: Allen
timestamps:
  login: 1589556455778
  logout: 1589293425553
  lastteleport: 1589292226592
ipAddress: 123.193.76.147
lastlocation:
  world: world
  x: -1483.367797217114
  y: 101.84398388271525
  z: -640.9638270625029
  yaw: 318.7695
  pitch: 38.54984
logoutlocation:
  world: world
  x: -1465.6810822343602
  y: 69.0
  z: -645.4225250250829
  yaw: -27.740356
  pitch: 15.300198
afk: false
homes:
  home:
    world: world
    x: -1466.4510579219
    y: 69.0
    z: -643.0374962891651
    yaw: -99.581894
    pitch: 14.250047
