lastAccountName: Allen
timestamps:
  login: 1589556455778
  logout: 1589562666441
  lastteleport: 1589558446424
ipAddress: 123.193.76.147
lastlocation:
  world: world
  x: -1465.699999988079
  y: 71.20000004768372
  z: -640.3000000119209
  yaw: -4.9500017
  pitch: 6.900002
logoutlocation:
  world: world
  x: 719.6999999880791
  y: 98.0
  z: 1238.300000011921
  yaw: 80.254395
  pitch: 13.350049
afk: false
homes:
  home:
    world: world
    x: -1466.4510579219
    y: 69.0
    z: -643.0374962891651
    yaw: -99.581894
    pitch: 14.250047
