lastAccountName: Allen
timestamps:
  login: 1587741064372
  logout: 1587483001338
  lastteleport: 1587398408391
ipAddress: 123.193.76.147
lastlocation:
  world: world
  x: -1474.9427098689353
  y: 71.0
  z: -666.2435547041594
  yaw: -40.044926
  pitch: 28.950346
logoutlocation:
  world: world
  x: -1467.307271356717
  y: 69.0
  z: -644.8447643626241
  yaw: -5.997354
  pitch: 13.04968
afk: false
