lastAccountName: Allen
timestamps:
  login: 1586271195314
  logout: 1586271550386
ipAddress: 123.193.76.147
lastlocation:
  world: world
  x: 212.0
  y: 65.0
  z: 271.0
  yaw: 0.0
  pitch: 0.0
logoutlocation:
  world: world
  x: 246.1076959233579
  y: 70.0
  z: 356.75390921777387
  yaw: -175.19618
  pitch: 30.000011
