lastAccountName: Allen
timestamps:
  login: 1591029990420
  logout: 1591031271955
  lastteleport: 1590940142640
ipAddress: 123.193.76.147
lastlocation:
  world: world
  x: -1403.7217331057288
  y: 89.85192556737348
  z: 37.428925042290984
  yaw: -177.13905
  pitch: 28.349697
logoutlocation:
  world: world
  x: -1466.1857168195918
  y: 69.0
  z: -646.454774089589
  yaw: -205.5144
  pitch: 29.700294
afk: false
homes:
  home:
    world: world
    x: -1466.4510579219
    y: 69.0
    z: -643.0374962891651
    yaw: -99.581894
    pitch: 14.250047
