lastAccountName: Allen
timestamps:
  login: 1589556455778
  logout: 1589293425553
  lastteleport: 1589558446424
ipAddress: 123.193.76.147
lastlocation:
  world: world
  x: -1465.699999988079
  y: 71.20000004768372
  z: -640.3000000119209
  yaw: -4.9500017
  pitch: 6.900002
logoutlocation:
  world: world
  x: -1465.6810822343602
  y: 69.0
  z: -645.4225250250829
  yaw: -27.740356
  pitch: 15.300198
afk: true
homes:
  home:
    world: world
    x: -1466.4510579219
    y: 69.0
    z: -643.0374962891651
    yaw: -99.581894
    pitch: 14.250047
