lastAccountName: Allen
timestamps:
  login: 1587741064372
  logout: 1587750196692
  lastteleport: 1587398408391
ipAddress: 123.193.76.147
lastlocation:
  world: world
  x: -1436.1660809943892
  y: 75.17675927506424
  z: -659.5785106751699
  yaw: 23.117516
  pitch: 6.450003
logoutlocation:
  world: world
  x: -1467.531471071892
  y: 74.0
  z: -628.4999321110987
  yaw: 113.70807
  pitch: 12.90026
afk: false
