lastAccountName: Allen
timestamps:
  login: 1590945881054
  logout: 1590947009704
  lastteleport: 1590940142640
ipAddress: 123.193.76.147
lastlocation:
  world: world
  x: -1403.7217331057288
  y: 89.85192556737348
  z: 37.428925042290984
  yaw: -177.13905
  pitch: 28.349697
logoutlocation:
  world: world
  x: -1465.1630338720956
  y: 69.0
  z: -642.8367936502577
  yaw: 222.74597
  pitch: 30.14979
afk: false
homes:
  home:
    world: world
    x: -1466.4510579219
    y: 69.0
    z: -643.0374962891651
    yaw: -99.581894
    pitch: 14.250047
