lastAccountName: Allen
timestamps:
  login: 1590935898592
  logout: 1590336477129
  lastteleport: 1590938330540
ipAddress: 123.193.76.147
lastlocation:
  world: world
  x: 785.5783911040944
  y: 70.0
  z: -1748.1972204010567
  yaw: 16.063038
  pitch: 58.799973
logoutlocation:
  world: world
  x: -1454.2761416726562
  y: 63.5
  z: -668.6705440572531
  yaw: 266.7077
  pitch: 18.000122
afk: false
homes:
  home:
    world: world
    x: -1466.4510579219
    y: 69.0
    z: -643.0374962891651
    yaw: -99.581894
    pitch: 14.250047
