lastAccountName: Allen
timestamps:
  login: 1588862705591
  logout: 1588863728294
  lastteleport: 1587398408391
ipAddress: 123.193.76.147
lastlocation:
  world: world
  x: -1436.1660809943892
  y: 75.17675927506424
  z: -659.5785106751699
  yaw: 23.117516
  pitch: 6.450003
logoutlocation:
  world: world
  x: -1421.5152198710296
  y: 14.0
  z: -659.4459583771294
  yaw: 276.9109
  pitch: 33.600136
afk: false
