lastAccountName: Allen
timestamps:
  login: 1590935898592
  logout: 1590336477129
  lastteleport: 1590335175152
ipAddress: 123.193.76.147
lastlocation:
  world: world
  x: 783.3000000119209
  y: 49.74336701606685
  z: -1746.5691941989803
  yaw: 147.76257
  pitch: 2.8499308
logoutlocation:
  world: world
  x: -1454.2761416726562
  y: 63.5
  z: -668.6705440572531
  yaw: 266.7077
  pitch: 18.000122
afk: false
homes:
  home:
    world: world
    x: -1466.4510579219
    y: 69.0
    z: -643.0374962891651
    yaw: -99.581894
    pitch: 14.250047
