lastAccountName: Allen
timestamps:
  login: 1589709283773
  logout: 1589710716065
  lastteleport: 1589710215821
ipAddress: 123.193.76.147
lastlocation:
  world: world
  x: -1465.730811086747
  y: 69.0000002
  z: -645.1515258789867
  yaw: -10.200001
  pitch: 18.150002
logoutlocation:
  world: world
  x: -1468.4752967100603
  y: 69.0
  z: -644.5591398984539
  yaw: -107.834465
  pitch: 5.5504293
afk: false
homes:
  home:
    world: world
    x: -1466.4510579219
    y: 69.0
    z: -643.0374962891651
    yaw: -99.581894
    pitch: 14.250047
