lastAccountName: Allen
timestamps:
  login: 1587393705640
  logout: 1587398875455
  lastteleport: 1587398408391
ipAddress: 123.193.76.147
lastlocation:
  world: world
  x: -1466.8707412590056
  y: 74.0
  z: -630.3740238204402
  yaw: 187.20009
  pitch: 18.150017
logoutlocation:
  world: world
  x: -1467.3684343574832
  y: 74.0
  z: -630.9483943932123
  yaw: -46.09907
  pitch: 23.699913
