lastAccountName: Allen
timestamps:
  login: 1586600852001
  logout: 1586601074301
ipAddress: 61.216.179.32
lastlocation:
  world: world
  x: 212.0
  y: 65.0
  z: 271.0
  yaw: 0.0
  pitch: 0.0
logoutlocation:
  world: world
  x: 247.47262976996853
  y: 70.0
  z: 356.9643158159882
  yaw: -197.69983
  pitch: 29.699806
