lastAccountName: Allen
timestamps:
  login: 1587472438133
  logout: 1587483001338
  lastteleport: 1587398408391
ipAddress: 123.193.76.147
lastlocation:
  world: world
  x: -1483.8310475020344
  y: 65.0
  z: -660.7753247391653
  yaw: 136.93005
  pitch: 9.000097
logoutlocation:
  world: world
  x: -1467.307271356717
  y: 69.0
  z: -644.8447643626241
  yaw: -5.997354
  pitch: 13.04968
afk: false
