lastAccountName: Allen
timestamps:
  login: 1586702114626
  logout: 1586700764122
ipAddress: 123.193.76.147
lastlocation:
  world: world
  x: 209.34608639122578
  y: 59.6088590117321
  z: -282.3706012159139
  yaw: 330.53607
  pitch: 35.850048
logoutlocation:
  world: world
  x: 357.54666088846017
  y: 64.0
  z: 773.0749999880791
  yaw: 340.35254
  pitch: 17.249752
