lastAccountName: Allen
timestamps:
  login: 1591715147760
  logout: 1591639706080
  lastteleport: 1591547964570
ipAddress: 123.193.76.147
lastlocation:
  world: world
  x: -1463.3312624403197
  y: 74.0356999847293
  z: -629.8591883683698
  yaw: -150.25342
  pitch: -3.3001404
logoutlocation:
  world: world
  x: -1465.0395486891687
  y: 69.0
  z: -649.9507369453019
  yaw: -328.3185
  pitch: 13.799953
afk: false
homes:
  home:
    world: world
    x: -1466.4510579219
    y: 69.0
    z: -643.0374962891651
    yaw: -99.581894
    pitch: 14.250047
