lastAccountName: YuShiou
timestamps:
  login: 1586663725586
  logout: 1586630023841
ipAddress: 1.34.17.118
lastlocation:
  world: world
  x: -1022.5275553686994
  y: 62.21827083203932
  z: 2654.355541506148
  yaw: 359.7801
  pitch: 39.90055
logoutlocation:
  world: world
  x: 513.4090241960059
  y: 88.0
  z: 804.9791554772061
  yaw: 67.98777
  pitch: 15.449913
afk: false
