lastAccountName: YuShiou
timestamps:
  login: 1587043233032
  logout: 1586966831962
  lastteleport: 1586790093925
ipAddress: 1.34.17.118
lastlocation:
  world: world
  x: 490.9765161034534
  y: 63.09375
  z: 811.8138684194394
  yaw: 33.923706
  pitch: 69.60035
logoutlocation:
  world: world
  x: 514.3000000119209
  y: 88.0
  z: 820.330859182059
  yaw: -335.8202
  pitch: 3.8989055
afk: false
