lastAccountName: YuShiou
timestamps:
  login: 1587983474099
  logout: 1587916811622
  lastteleport: 1587697994004
ipAddress: 1.34.17.118
lastlocation:
  world: world
  x: 509.5
  y: 91.5000002
  z: 822.5
  yaw: -30.75001
  pitch: 55.200165
logoutlocation:
  world: world
  x: -5427.79528860206
  y: 62.0732641997162
  z: 433.65644527633515
  yaw: -281.97403
  pitch: -6.450516
afk: false
