lastAccountName: YuShiou
timestamps:
  login: 1586677729339
  logout: 1586681380883
  lastteleport: 1586679431145
ipAddress: 1.34.17.118
lastlocation:
  world: world
  x: 146.71719190582283
  y: 67.0
  z: 2458.699999988079
  yaw: -332.09695
  pitch: 17.850027
logoutlocation:
  world: world
  x: 512.2943359219025
  y: 88.0
  z: 816.8549301870582
  yaw: -74.3404
  pitch: 28.34928
afk: false
