lastAccountName: YuShiou
timestamps:
  login: 1588304163557
  logout: 1588311897454
  lastteleport: 1587986127058
ipAddress: 1.34.17.118
lastlocation:
  world: world
  x: -7591.699999988079
  y: 52.487904166018374
  z: -1232.518828791962
  yaw: -324.9226
  pitch: 29.847704
logoutlocation:
  world: world
  x: 514.1633381914769
  y: 88.0
  z: 824.7128943144827
  yaw: -301.17444
  pitch: 26.84963
afk: false
