lastAccountName: YuShiou
timestamps:
  login: 1588304163557
  logout: 1588268980545
  lastteleport: 1587986127058
ipAddress: 1.34.17.118
lastlocation:
  world: world
  x: -7591.699999988079
  y: 52.487904166018374
  z: -1232.518828791962
  yaw: -324.9226
  pitch: 29.847704
logoutlocation:
  world: world
  x: 513.4750206916224
  y: 88.0
  z: 817.328539170648
  yaw: -100.13522
  pitch: 17.40018
afk: false
