lastAccountName: YuShiou
timestamps:
  login: 1587134690161
  logout: 1587056580974
  lastteleport: 1587137922841
ipAddress: 1.34.17.118
lastlocation:
  world: world
  x: 510.5
  y: 88.0000002
  z: 824.5
  yaw: -3.7500012
  pitch: -1.3500001
logoutlocation:
  world: world
  x: 514.8323869283953
  y: 88.0
  z: 821.1933742065137
  yaw: -173.87805
  pitch: 33.601223
afk: false
