lastAccountName: YuShiou
timestamps:
  login: 1587560550178
  logout: 1587569379472
  lastteleport: 1587567122442
ipAddress: 1.34.17.118
lastlocation:
  world: world
  x: 14554.984703594228
  y: 83.0
  z: 22001.461031161856
  yaw: 336.11206
  pitch: 44.250553
logoutlocation:
  world: world
  x: 511.22318122657407
  y: 88.5625
  z: 823.8084882067806
  yaw: -163.39122
  pitch: 25.799963
afk: false
