lastAccountName: YuShiou
timestamps:
  login: 1586677729339
  logout: 1586677703706
  lastteleport: 1586679431145
ipAddress: 1.34.17.118
lastlocation:
  world: world
  x: 146.71719190582283
  y: 67.0
  z: 2458.699999988079
  yaw: -332.09695
  pitch: 17.850027
logoutlocation:
  world: world
  x: 439.1655025747756
  y: 62.0
  z: 1270.300000011921
  yaw: -178.59814
  pitch: 74.2498
afk: true
