lastAccountName: YuShiou
timestamps:
  login: 1587705336098
  logout: 1587701714048
  lastteleport: 1587697994004
ipAddress: 1.34.17.118
lastlocation:
  world: world
  x: 509.5
  y: 91.5000002
  z: 822.5
  yaw: -30.75001
  pitch: 55.200165
logoutlocation:
  world: world
  x: 512.2111947796332
  y: 88.0
  z: 818.3358095186084
  yaw: -139.3559
  pitch: 6.2994313
afk: false
