lastAccountName: YuShiou
timestamps:
  login: 1586864054211
  logout: 1586794927301
  lastteleport: 1586790093925
ipAddress: 1.34.17.118
lastlocation:
  world: world
  x: 155.5
  y: 67.0000002
  z: 2460.5
  yaw: 97.49999
  pitch: 22.200037
logoutlocation:
  world: world
  x: 514.2342529355269
  y: 88.0
  z: 817.2246815973931
  yaw: -13.548492
  pitch: 5.3998785
afk: false
