lastAccountName: YuShiou
timestamps:
  login: 1586276267146
  logout: 1586276523014
ipAddress: 1.34.17.118
lastlocation:
  world: world
  x: 212.0
  y: 65.0
  z: 271.0
  yaw: 0.0
  pitch: 0.0
logoutlocation:
  world: world
  x: 600.4488788394405
  y: 72.0
  z: 654.8046326699343
  yaw: 8.583008
  pitch: 23.099773
