lastAccountName: YuShiou
timestamps:
  login: 1587050495354
  logout: 1587050469869
  lastteleport: 1586790093925
ipAddress: 1.34.17.118
lastlocation:
  world: world
  x: 494.0271969692122
  y: 63.0
  z: 810.9047372686506
  yaw: -295.4132
  pitch: 85.650444
logoutlocation:
  world: world
  x: 514.1827135235936
  y: 88.0
  z: 817.1653787260459
  yaw: -223.26025
  pitch: 23.549671
afk: true
