lastAccountName: YuShiou
timestamps:
  login: 1587738028505
  logout: 1587746601140
  lastteleport: 1587697994004
ipAddress: 1.34.17.118
lastlocation:
  world: world
  x: 509.5
  y: 91.5000002
  z: 822.5
  yaw: -30.75001
  pitch: 55.200165
logoutlocation:
  world: world
  x: 514.4956538255783
  y: 88.0
  z: 814.3213540330653
  yaw: -155.29004
  pitch: 36.74981
afk: false
