lastAccountName: YuShiou
timestamps:
  login: 1586352123383
  logout: 1586366140346
ipAddress: 1.34.17.118
lastlocation:
  world: world
  x: 212.0
  y: 65.0
  z: 271.0
  yaw: 0.0
  pitch: 0.0
logoutlocation:
  world: world
  x: 370.6806251513102
  y: 64.0
  z: 785.6147750616416
  yaw: -251.70259
  pitch: 9.449702
