lastAccountName: YuShiou
timestamps:
  login: 1587650650284
  logout: 1587663488173
  lastteleport: 1587567122442
ipAddress: 1.34.17.118
lastlocation:
  world: world
  x: 14554.984703594228
  y: 83.0
  z: 22001.461031161856
  yaw: 336.11206
  pitch: 44.250553
logoutlocation:
  world: world
  x: 512.8197611319938
  y: 88.0
  z: 816.5670360605618
  yaw: -89.48348
  pitch: 11.549526
afk: false
