lastAccountName: YuShiou
timestamps:
  login: 1587386087470
  logout: 1587399480463
  lastteleport: 1587395980190
ipAddress: 1.34.17.118
lastlocation:
  world: world
  x: 1080.6059589730712
  y: 21.0
  z: 899.6323269707545
  yaw: -93.002686
  pitch: 22.801266
logoutlocation:
  world: world
  x: 514.1891992357728
  y: 88.0
  z: 817.1034700053591
  yaw: -130.77051
  pitch: 20.550486
afk: false
