lastAccountName: YuShiou
timestamps:
  login: 1586531097100
  logout: 1586452887941
ipAddress: 1.34.17.118
lastlocation:
  world: world
  x: 212.0
  y: 65.0
  z: 271.0
  yaw: 0.0
  pitch: 0.0
logoutlocation:
  world: world
  x: 510.63408378270935
  y: 88.0
  z: 818.6306151353754
  yaw: -167.94543
  pitch: 15.599754
afk: false
