lastAccountName: YuShiou
timestamps:
  login: 1586786375946
  logout: 1586681380883
  lastteleport: 1586790093925
ipAddress: 1.34.17.118
lastlocation:
  world: world
  x: 155.5
  y: 67.0000002
  z: 2460.5
  yaw: 97.49999
  pitch: 22.200037
logoutlocation:
  world: world
  x: 512.2943359219025
  y: 88.0
  z: 816.8549301870582
  yaw: -74.3404
  pitch: 28.34928
afk: false
