lastAccountName: YuShiou
timestamps:
  login: 1586617964010
  logout: 1586583195194
ipAddress: 1.34.17.118
lastlocation:
  world: world
  x: 212.0
  y: 65.0
  z: 271.0
  yaw: 0.0
  pitch: 0.0
logoutlocation:
  world: world
  x: 411.69999998807907
  y: 30.0
  z: 748.3936436717986
  yaw: -348.67163
  pitch: 11.849699
afk: false
