lastAccountName: YuShiou
timestamps:
  login: 1587560550178
  logout: 1587477570614
  lastteleport: 1587470995267
ipAddress: 1.34.17.118
lastlocation:
  world: world
  x: 514.2474260700296
  y: 88.0
  z: 820.4113956829657
  yaw: -16.800358
  pitch: 24.900057
logoutlocation:
  world: world
  x: 9937.145910883299
  y: 96.0
  z: 7483.7275959536255
  yaw: 217.50017
  pitch: 30.149698
afk: false
