lastAccountName: YuShiou
timestamps:
  login: 1587983474099
  logout: 1587986445724
  lastteleport: 1587986127058
ipAddress: 1.34.17.118
lastlocation:
  world: world
  x: -7591.699999988079
  y: 52.487904166018374
  z: -1232.518828791962
  yaw: -324.9226
  pitch: 29.847704
logoutlocation:
  world: world
  x: 510.3041681914582
  y: 88.0
  z: 815.9133999508425
  yaw: -66.92932
  pitch: 24.599747
afk: false
