lastAccountName: YuShiou
timestamps:
  login: 1587050495354
  logout: 1587056580974
  lastteleport: 1587056169348
ipAddress: 1.34.17.118
lastlocation:
  world: world
  x: 515.7777021105351
  y: 88.0000002
  z: 825.2137188962038
  yaw: -113.70008
  pitch: 38.700054
logoutlocation:
  world: world
  x: 514.8323869283953
  y: 88.0
  z: 821.1933742065137
  yaw: -173.87805
  pitch: 33.601223
afk: false
