lastAccountName: YuShiou
timestamps:
  login: 1587221122436
  logout: 1587223286123
  lastteleport: 1587137922841
ipAddress: 1.34.17.118
lastlocation:
  world: world
  x: 582.8028684368487
  y: 47.0
  z: 814.0105419713583
  yaw: 75.41223
  pitch: 11.699731
logoutlocation:
  world: world
  x: 514.6382772040432
  y: 88.0
  z: 821.3072845103749
  yaw: -32.449177
  pitch: 22.877201
afk: false
