lastAccountName: YuShiou
timestamps:
  login: 1587696435143
  logout: 1587663488173
  lastteleport: 1587697994004
ipAddress: 1.34.17.118
lastlocation:
  world: world
  x: 509.5
  y: 91.5000002
  z: 822.5
  yaw: -30.75001
  pitch: 55.200165
logoutlocation:
  world: world
  x: 512.8197611319938
  y: 88.0
  z: 816.5670360605618
  yaw: -89.48348
  pitch: 11.549526
afk: false
