lastAccountName: YuShiou
timestamps:
  login: 1587134690161
  logout: 1587056580974
  lastteleport: 1587137922841
ipAddress: 1.34.17.118
lastlocation:
  world: world
  x: 582.8028684368487
  y: 47.0
  z: 814.0105419713583
  yaw: 75.41223
  pitch: 11.699731
logoutlocation:
  world: world
  x: 514.8323869283953
  y: 88.0
  z: 821.1933742065137
  yaw: -173.87805
  pitch: 33.601223
afk: false
