lastAccountName: YuShiou
timestamps:
  login: 1586663725586
  logout: 1586630023841
ipAddress: 1.34.17.118
lastlocation:
  world: world
  x: 215.68834949073522
  y: 63.0
  z: 1437.0278285820782
  yaw: -86.365875
  pitch: -5.3999634
logoutlocation:
  world: world
  x: 513.4090241960059
  y: 88.0
  z: 804.9791554772061
  yaw: 67.98777
  pitch: 15.449913
afk: false
