lastAccountName: YuShiou
timestamps:
  login: 1588352006717
  logout: 1588353036873
  lastteleport: 1587986127058
ipAddress: 1.34.17.118
lastlocation:
  world: world
  x: -7591.699999988079
  y: 52.487904166018374
  z: -1232.518828791962
  yaw: -324.9226
  pitch: 29.847704
logoutlocation:
  world: world
  x: 511.32660543117623
  y: 88.0
  z: 819.8601955434656
  yaw: -90.09119
  pitch: 26.39989
afk: false
