lastAccountName: YuShiou
timestamps:
  login: 1586871471313
  logout: 1586879511325
  lastteleport: 1586790093925
ipAddress: 1.34.17.118
lastlocation:
  world: world
  x: 490.9765161034534
  y: 63.09375
  z: 811.8138684194394
  yaw: 33.923706
  pitch: 69.60035
logoutlocation:
  world: world
  x: 514.6251096772232
  y: 88.0
  z: 819.5359059826764
  yaw: -298.23132
  pitch: 32.55038
afk: false
