lastAccountName: YuShiou
timestamps:
  login: 1586245645297
  logout: 1586245289760
ipAddress: 1.34.17.118
lastlocation:
  world: world
  x: 212.0
  y: 65.0
  z: 271.0
  yaw: 0.0
  pitch: 0.0
logoutlocation:
  world: world
  x: -284.30000001192093
  y: 78.0
  z: 821.6999999880792
  yaw: -180.26953
  pitch: 34.649944
