lastAccountName: YuShiou
timestamps:
  login: 1587738028505
  logout: 1587725735480
  lastteleport: 1587697994004
ipAddress: 1.34.17.118
lastlocation:
  world: world
  x: 509.5
  y: 91.5000002
  z: 822.5
  yaw: -30.75001
  pitch: 55.200165
logoutlocation:
  world: world
  x: 511.0734174788687
  y: 88.0
  z: 817.0788245824972
  yaw: -39.963196
  pitch: 22.950161
afk: false
