lastAccountName: YuShiou
timestamps:
  login: 1587912030509
  logout: 1587890388659
  lastteleport: 1587697994004
ipAddress: 1.34.17.118
lastlocation:
  world: world
  x: 509.5
  y: 91.5000002
  z: 822.5
  yaw: -30.75001
  pitch: 55.200165
logoutlocation:
  world: world
  x: 510.70004460009994
  y: 88.0
  z: 806.9569523227225
  yaw: -4.5540357
  pitch: 26.699821
afk: false
