lastAccountName: YuShiou
timestamps:
  login: 1588251573934
  logout: 1588168023724
  lastteleport: 1587986127058
ipAddress: 1.34.17.118
lastlocation:
  world: world
  x: -7591.699999988079
  y: 52.487904166018374
  z: -1232.518828791962
  yaw: -324.9226
  pitch: 29.847704
logoutlocation:
  world: world
  x: 1207.6083944616803
  y: 29.0
  z: 635.6872759985027
  yaw: -251.41406
  pitch: 27.149296
afk: false
