lastAccountName: YuShiou
timestamps:
  login: 1587134690161
  logout: 1587142203625
  lastteleport: 1587137922841
ipAddress: 1.34.17.118
lastlocation:
  world: world
  x: 582.8028684368487
  y: 47.0
  z: 814.0105419713583
  yaw: 75.41223
  pitch: 11.699731
logoutlocation:
  world: world
  x: 512.8209917792732
  y: 88.0
  z: 804.6832452065136
  yaw: -167.5597
  pitch: 48.748558
afk: false
