lastAccountName: YuShiou
timestamps:
  login: 1587469385450
  logout: 1587399480463
  lastteleport: 1587470995267
ipAddress: 1.34.17.118
lastlocation:
  world: world
  x: 514.2474260700296
  y: 88.0
  z: 820.4113956829657
  yaw: -16.800358
  pitch: 24.900057
logoutlocation:
  world: world
  x: 514.1891992357728
  y: 88.0
  z: 817.1034700053591
  yaw: -130.77051
  pitch: 20.550486
afk: false
