lastAccountName: YuShiou
timestamps:
  login: 1588390795449
  logout: 1588395611164
  lastteleport: 1587986127058
ipAddress: 1.34.17.118
lastlocation:
  world: world
  x: -7591.699999988079
  y: 52.487904166018374
  z: -1232.518828791962
  yaw: -324.9226
  pitch: 29.847704
logoutlocation:
  world: world
  x: 618.5575450815218
  y: 65.08240710983456
  z: 773.4046886590728
  yaw: -200.37585
  pitch: 54.149647
afk: false
