lastAccountName: YuShiou
timestamps:
  login: 1586352123383
  logout: 1586352094376
ipAddress: 1.34.17.118
lastlocation:
  world: world
  x: 212.0
  y: 65.0
  z: 271.0
  yaw: 0.0
  pitch: 0.0
logoutlocation:
  world: world
  x: 3323.6130901988977
  y: 50.22542385537499
  z: 2607.723339831829
  yaw: -12.747896
  pitch: -34.05026
