lastAccountName: YuShiou
timestamps:
  login: 1586871471313
  logout: 1586871384272
  lastteleport: 1586790093925
ipAddress: 1.34.17.118
lastlocation:
  world: world
  x: 155.5
  y: 67.0000002
  z: 2460.5
  yaw: 97.49999
  pitch: 22.200037
logoutlocation:
  world: world
  x: -1276.487500011921
  y: 51.0
  z: 1574.3424962003226
  yaw: 303.5381
  pitch: -27.150164
afk: false
