lastAccountName: YuShiou
timestamps:
  login: 1587994550616
  logout: 1588000873211
  lastteleport: 1587986127058
ipAddress: 1.34.17.118
lastlocation:
  world: world
  x: -7591.699999988079
  y: 52.487904166018374
  z: -1232.518828791962
  yaw: -324.9226
  pitch: 29.847704
logoutlocation:
  world: world
  x: 510.2755621521702
  y: 88.0
  z: 816.5630243109971
  yaw: -289.88202
  pitch: 17.55006
afk: false
