lastAccountName: YuShiou
timestamps:
  login: 1588689579867
  logout: 1588691936646
  lastteleport: 1587986127058
ipAddress: 1.34.17.118
lastlocation:
  world: world
  x: -7591.699999988079
  y: 52.487904166018374
  z: -1232.518828791962
  yaw: -324.9226
  pitch: 29.847704
logoutlocation:
  world: world
  x: 511.24106955746277
  y: 88.0
  z: 817.9286826423088
  yaw: -90.69873
  pitch: 22.349703
afk: false
