lastAccountName: aforward3326
timestamps:
  login: 1586688094951
  logout: 1586676603404
  lastteleport: 1586520000132
ipAddress: 1.34.110.242
logoutlocation:
  world: world
  x: 1005.422906661216
  y: 64.0
  z: -76.9014803770067
  yaw: 261.84247
  pitch: 10.500275
afk: false
lastlocation:
  world: world
  x: 560.3000000119209
  y: 63.0
  z: -234.51463107054687
  yaw: -91.6701
  pitch: 3.2999747
