lastAccountName: aforward3326
timestamps:
  login: 1586717014202
  logout: 1586717851467
  lastteleport: 1586689943066
ipAddress: 1.34.110.242
logoutlocation:
  world: world
  x: 549.6999999880791
  y: 68.0
  z: -196.69999998807907
  yaw: 186.01337
  pitch: 14.699972
afk: false
lastlocation:
  world: world
  x: 545.7495087187168
  y: 68.0
  z: -196.2717536407965
  yaw: 93.000015
  pitch: 38.399994
