lastAccountName: aforward3326
timestamps:
  login: 1586980000994
  logout: 1586982657259
  lastteleport: 1586980497029
ipAddress: 1.34.110.242
logoutlocation:
  world: world
  x: 545.3213209016627
  y: 68.0
  z: -196.56378243881957
  yaw: 344.70166
  pitch: -11.39994
afk: false
lastlocation:
  world: world
  x: 546.3000000119209
  y: 68.0
  z: -202.04215663366114
  yaw: -200.69958
  pitch: 32.70002
