lastAccountName: aforward3326
timestamps:
  login: 1586515863083
  logout: 1586522633321
  lastteleport: 1586520000132
ipAddress: 1.34.110.242
logoutlocation:
  world: world
  x: 546.6012063846545
  y: 68.0
  z: -197.80338543077764
  yaw: 192.83087
  pitch: 22.349846
afk: false
lastlocation:
  world: world
  x: 549.5
  y: 68.0000002
  z: -197.5
  yaw: -3.300001
  pitch: -1.5
