lastAccountName: aforward3326
timestamps:
  login: 1587894178768
  logout: 1587896595978
  lastteleport: 1587558022993
ipAddress: 1.34.110.242
logoutlocation:
  world: world
  x: 547.582303710127
  y: 68.5
  z: -197.06740692036755
  yaw: 323.396
  pitch: 17.999603
afk: false
lastlocation:
  world: world
  x: 751.4739278648414
  y: 67.0
  z: 54.81485933334235
  yaw: -313.68863
  pitch: 42.7501
