lastAccountName: aforward3326
timestamps:
  login: 1587140979770
  logout: 1587153308414
  lastteleport: 1587041988801
ipAddress: 1.34.110.242
logoutlocation:
  world: world
  x: 544.6423245304563
  y: 68.0
  z: -212.47354011151455
  yaw: 6.147461
  pitch: 43.499954
afk: false
lastlocation:
  world: world
  x: 915.0127370345252
  y: 64.0
  z: -33.625746855074205
  yaw: 206.27452
  pitch: -13.650098
