lastAccountName: aforward3326
timestamps:
  login: 1586356346171
  logout: 1586356553020
ipAddress: 1.34.110.242
logoutlocation:
  world: world
  x: 547.0417607717319
  y: 68.0
  z: -198.69999998807907
  yaw: 156.07619
  pitch: 53.399963
