lastAccountName: aforward3326
timestamps:
  login: 1587467326063
  logout: 1587469272712
  lastteleport: 1587041988801
ipAddress: 1.34.110.242
logoutlocation:
  world: world
  x: 546.8632410894602
  y: 68.5
  z: -197.6813038127736
  yaw: -222.61353
  pitch: 12.2997875
afk: false
lastlocation:
  world: world
  x: 915.0127370345252
  y: 64.0
  z: -33.625746855074205
  yaw: 206.27452
  pitch: -13.650098
