lastAccountName: aforward3326
timestamps:
  login: 1588328356763
  logout: 1588329541441
  lastteleport: 1587558022993
ipAddress: 1.34.110.242
logoutlocation:
  world: world
  x: 584.6327095396855
  y: 47.0
  z: -209.55530140425105
  yaw: 107.10159
  pitch: 22.65013
afk: false
lastlocation:
  world: world
  x: 529.9743651661873
  y: 51.0
  z: -143.69999998807907
  yaw: 352.3325
  pitch: 44.39997
