lastAccountName: aforward3326
timestamps:
  login: 1586669904043
  logout: 1586669902255
  lastteleport: 1586520000132
ipAddress: 1.34.110.242
logoutlocation:
  world: world
  x: 741.5640941918416
  y: 62.07326407144582
  z: -255.33226006113904
  yaw: 232.93993
  pitch: 15.750418
afk: false
lastlocation:
  world: world
  x: 560.3000000119209
  y: 63.0
  z: -234.51463107054687
  yaw: -91.6701
  pitch: 3.2999747
