lastAccountName: aforward3326
timestamps:
  login: 1586636125603
  logout: 1586637211289
  lastteleport: 1586520000132
ipAddress: 1.34.110.242
logoutlocation:
  world: world
  x: 551.0108681915793
  y: 68.0
  z: -207.29446314278803
  yaw: 289.64444
  pitch: 1.0499024
afk: false
lastlocation:
  world: world
  x: 546.3818913853895
  y: 68.0
  z: -208.63661271726852
  yaw: 294.76904
  pitch: 26.849781
