lastAccountName: aforward3326
timestamps:
  login: 1586603378045
  logout: 1586548713213
  lastteleport: 1586520000132
ipAddress: 1.34.110.242
logoutlocation:
  world: world
  x: 547.7673427576776
  y: 68.0
  z: -197.02393729034577
  yaw: 301.8694
  pitch: 41.99996
afk: false
lastlocation:
  world: world
  x: 546.3818913853895
  y: 68.0
  z: -208.63661271726852
  yaw: 294.76904
  pitch: 26.849781
