lastAccountName: aforward3326
timestamps:
  login: 1587059267506
  logout: 1587044571752
  lastteleport: 1587041988801
ipAddress: 1.34.110.242
logoutlocation:
  world: world
  x: 560.2476378025954
  y: 63.0
  z: -190.44420968527268
  yaw: -287.1693
  pitch: 6.149265
afk: false
lastlocation:
  world: world
  x: 546.4875000119209
  y: 68.0
  z: -201.12386462356108
  yaw: -175.95003
  pitch: 17.85001
