lastAccountName: aforward3326
timestamps:
  login: 1586951849227
  logout: 1586883103482
  lastteleport: 1586955401706
ipAddress: 1.34.110.242
logoutlocation:
  world: world
  x: 539.7525832295509
  y: 68.0
  z: -195.55566335207106
  yaw: -73.56268
  pitch: 32.850037
afk: false
lastlocation:
  world: world
  x: 561.5798652839858
  y: 64.0
  z: -173.81770703110354
  yaw: -192.00658
  pitch: 32.099453
