lastAccountName: aforward3326
timestamps:
  login: 1586269290607
  logout: 1586269515572
ipAddress: 1.34.110.242
logoutlocation:
  world: world
  x: 544.0597700597511
  y: 68.0
  z: -196.81182635339235
  yaw: 200.78682
  pitch: 34.350014
