lastAccountName: aforward3326
timestamps:
  login: 1588395203036
  logout: 1588400023869
  lastteleport: 1587558022993
ipAddress: 1.34.110.242
logoutlocation:
  world: world
  x: 563.9513683444939
  y: 63.0
  z: -217.42213804572498
  yaw: 61.966553
  pitch: 36.9002
afk: false
lastlocation:
  world: world
  x: 523.3752594263293
  y: 29.0
  z: -244.0758356098517
  yaw: 194.86432
  pitch: 1.5000077
