lastAccountName: aforward3326
timestamps:
  login: 1587552293042
  logout: 1587469272712
  lastteleport: 1587558022993
ipAddress: 1.34.110.242
logoutlocation:
  world: world
  x: 546.8632410894602
  y: 68.5
  z: -197.6813038127736
  yaw: -222.61353
  pitch: 12.2997875
afk: false
lastlocation:
  world: world
  x: 540.5
  y: 69.0000002
  z: -199.5
  yaw: -93.150024
  pitch: 28.799994
