lastAccountName: aforward3326
timestamps:
  login: 1587984612929
  logout: 1587987456575
  lastteleport: 1587558022993
ipAddress: 1.34.110.242
logoutlocation:
  world: world
  x: 543.8154065755075
  y: 68.5
  z: -196.87961512240645
  yaw: 112.784996
  pitch: 5.400045
afk: false
lastlocation:
  world: world
  x: 751.4739278648414
  y: 67.0
  z: 54.81485933334235
  yaw: -313.68863
  pitch: 42.7501
