lastAccountName: aforward3326
timestamps:
  login: 1587639336882
  logout: 1587643434007
  lastteleport: 1587558022993
ipAddress: 1.34.110.242
logoutlocation:
  world: world
  x: 605.7012543552878
  y: 63.0
  z: -179.2320770309301
  yaw: 114.13977
  pitch: 36.29869
afk: false
lastlocation:
  world: world
  x: 1443.05641023656
  y: 14.0
  z: -748.6999999880791
  yaw: -2.4023404
  pitch: 43.04978
