lastAccountName: aforward3326
timestamps:
  login: 1586951849227
  logout: 1586958202735
  lastteleport: 1586955401706
ipAddress: 1.34.110.242
logoutlocation:
  world: world
  x: 547.2132334197629
  y: 63.0
  z: -202.66593822904065
  yaw: 216.28583
  pitch: 41.400032
afk: false
lastlocation:
  world: world
  x: 561.5798652839858
  y: 64.0
  z: -173.81770703110354
  yaw: -192.00658
  pitch: 32.099453
