lastAccountName: aforward3326
timestamps:
  login: 1586263142729
  logout: 1586263140755
ipAddress: 1.34.110.242
logoutlocation:
  world: world
  x: 575.9302479638968
  y: 63.0
  z: -212.96896122075773
  yaw: 117.11615
  pitch: 28.950182
