lastAccountName: aforward3326
timestamps:
  login: 1586693379304
  logout: 1586694469043
  lastteleport: 1586689943066
ipAddress: 1.34.110.242
logoutlocation:
  world: world
  x: 546.1830589121903
  y: 68.0
  z: -195.8309233958373
  yaw: 91.81387
  pitch: 56.700005
afk: false
lastlocation:
  world: world
  x: 545.7495087187168
  y: 68.0
  z: -196.2717536407965
  yaw: 93.000015
  pitch: 38.399994
