lastAccountName: aforward3326
timestamps:
  login: 1586348433270
  logout: 1586352804529
ipAddress: 1.34.110.242
logoutlocation:
  world: world
  x: 546.2375000119209
  y: 68.0
  z: -197.98236070090002
  yaw: 146.93121
  pitch: 24.300085
