lastAccountName: aforward3326
timestamps:
  login: 1586861470597
  logout: 1586798360141
  lastteleport: 1586689943066
ipAddress: 1.34.110.242
logoutlocation:
  world: world
  x: 545.1191049210358
  y: 68.0
  z: -195.7728942350068
  yaw: 48.1619
  pitch: 34.649757
afk: false
lastlocation:
  world: world
  x: 545.7495087187168
  y: 68.0
  z: -196.2717536407965
  yaw: 93.000015
  pitch: 38.399994
