lastAccountName: aforward3326
timestamps:
  login: 1587552293042
  logout: 1587560159083
  lastteleport: 1587558022993
ipAddress: 1.34.110.242
logoutlocation:
  world: world
  x: 541.2075477842819
  y: 68.0
  z: -207.11258871413926
  yaw: -71.24936
  pitch: 17.550207
afk: false
lastlocation:
  world: world
  x: 1443.05641023656
  y: 14.0
  z: -748.6999999880791
  yaw: -2.4023404
  pitch: 43.04978
