lastAccountName: aforward3326
timestamps:
  login: 1587552293042
  logout: 1587469272712
  lastteleport: 1587041988801
ipAddress: 1.34.110.242
logoutlocation:
  world: world
  x: 546.8632410894602
  y: 68.5
  z: -197.6813038127736
  yaw: -222.61353
  pitch: 12.2997875
afk: false
lastlocation:
  world: world
  x: 581.3000000119209
  y: 46.0
  z: -237.4969512965531
  yaw: 347.37146
  pitch: 21.450045
