lastAccountName: aforward3326
timestamps:
  login: 1586876928030
  logout: 1586883103482
  lastteleport: 1586689943066
ipAddress: 1.34.110.242
logoutlocation:
  world: world
  x: 539.7525832295509
  y: 68.0
  z: -195.55566335207106
  yaw: -73.56268
  pitch: 32.850037
afk: false
lastlocation:
  world: world
  x: 888.64278761143
  y: 63.0608766163011
  z: -227.66107405393146
  yaw: 24.112598
  pitch: 9.149943
