lastAccountName: aforward3326
timestamps:
  login: 1586631862313
  logout: 1586615561646
  lastteleport: 1586520000132
ipAddress: 1.34.110.242
logoutlocation:
  world: world
  x: 604.585129628129
  y: 63.0
  z: -199.42616555992015
  yaw: -96.16821
  pitch: 39.899982
afk: false
lastlocation:
  world: world
  x: 546.3818913853895
  y: 68.0
  z: -208.63661271726852
  yaw: 294.76904
  pitch: 26.849781
