lastAccountName: aforward3326
timestamps:
  login: 1586693379304
  logout: 1586691366657
  lastteleport: 1586689943066
ipAddress: 1.34.110.242
logoutlocation:
  world: world
  x: 546.5124999880791
  y: 68.0
  z: -199.0544542703387
  yaw: -80.378235
  pitch: 10.350171
afk: false
lastlocation:
  world: world
  x: 545.7495087187168
  y: 68.0
  z: -196.2717536407965
  yaw: 93.000015
  pitch: 38.399994
