lastAccountName: aforward3326
timestamps:
  login: 1586861470597
  logout: 1586798360141
  lastteleport: 1586689943066
ipAddress: 1.34.110.242
logoutlocation:
  world: world
  x: 545.1191049210358
  y: 68.0
  z: -195.7728942350068
  yaw: 48.1619
  pitch: 34.649757
afk: true
lastlocation:
  world: world
  x: 888.64278761143
  y: 63.0608766163011
  z: -227.66107405393146
  yaw: 24.112598
  pitch: 9.149943
