lastAccountName: aforward3326
timestamps:
  login: 1586201871776
  logout: 1586202027525
ipAddress: 1.34.110.242
logoutlocation:
  world: world
  x: 546.404739484745
  y: 68.0
  z: -196.59110754419234
  yaw: 132.41528
  pitch: 34.950253
