lastAccountName: aforward3326
timestamps:
  login: 1587384831154
  logout: 1587386228577
  lastteleport: 1587041988801
ipAddress: 1.34.110.242
logoutlocation:
  world: world
  x: 616.6590557203002
  y: 63.0
  z: -175.06735032359828
  yaw: 78.433716
  pitch: 28.05001
afk: false
lastlocation:
  world: world
  x: 915.0127370345252
  y: 64.0
  z: -33.625746855074205
  yaw: 206.27452
  pitch: -13.650098
