lastAccountName: aforward3326
timestamps:
  login: 1587035782676
  logout: 1586982657259
  lastteleport: 1587039611098
ipAddress: 1.34.110.242
logoutlocation:
  world: world
  x: 545.3213209016627
  y: 68.0
  z: -196.56378243881957
  yaw: 344.70166
  pitch: -11.39994
afk: false
lastlocation:
  world: world
  x: 539.5
  y: 68.0000002
  z: -195.5
  yaw: 1.2
  pitch: -1.3500001
