lastAccountName: aforward3326
timestamps:
  login: 1586777739255
  logout: 1586778236077
  lastteleport: 1586689943066
ipAddress: 1.34.110.242
logoutlocation:
  world: world
  x: 546.5362628327767
  y: 68.0
  z: -200.30000001192093
  yaw: 273.62695
  pitch: 17.699999
afk: false
lastlocation:
  world: world
  x: 545.7495087187168
  y: 68.0
  z: -196.2717536407965
  yaw: 93.000015
  pitch: 38.399994
