lastAccountName: aforward3326
timestamps:
  login: 1587140979770
  logout: 1587127111732
  lastteleport: 1587041988801
ipAddress: 1.34.110.242
logoutlocation:
  world: world
  x: 588.3061952772695
  y: 63.0
  z: -218.1450852551858
  yaw: 45.571045
  pitch: 24.899889
afk: false
lastlocation:
  world: world
  x: 915.0127370345252
  y: 64.0
  z: -33.625746855074205
  yaw: 206.27452
  pitch: -13.650098
