lastAccountName: aforward3326
timestamps:
  login: 1587059267506
  logout: 1587063711212
  lastteleport: 1587041988801
ipAddress: 1.34.110.242
logoutlocation:
  world: world
  x: 544.6478889524558
  y: 68.0
  z: -196.2950066456838
  yaw: 270.86157
  pitch: 10.350196
afk: false
lastlocation:
  world: world
  x: 546.4875000119209
  y: 68.0
  z: -201.12386462356108
  yaw: -175.95003
  pitch: 17.85001
