lastAccountName: rgps3725
timestamps:
  login: 1587650004987
  logout: 1587489065208
  lastteleport: 1587653783933
ipAddress: 59.115.171.50
lastlocation:
  world: world
  x: -238.87773781627166
  y: 102.0
  z: -1066.8813253103367
  yaw: 173.23898
  pitch: 34.95014
logoutlocation:
  world: world
  x: -218.70124024430407
  y: 111.5625
  z: -1090.0581875034084
  yaw: -174.61053
  pitch: 43.950027
homes:
  home:
    world: world
    x: -227.94876787185956
    y: 104.0
    z: -1068.0528548404684
    yaw: -126.61255
    pitch: 15.450204
afk: false
