lastAccountName: rgps3725
timestamps:
  login: 1586618080641
  logout: 1586624216448
  lastteleport: 1586624213205
ipAddress: 223.137.162.125
lastlocation:
  world: world
  x: -213.08564377352417
  y: 64.0
  z: -1215.9369829790155
  yaw: -90.91228
  pitch: 17.100159
logoutlocation:
  world: world
  x: -226.45328734906693
  y: 104.0
  z: -1070.0993687435573
  yaw: -148.51254
  pitch: 16.350208
homes:
  home:
    world: world
    x: -227.94876787185956
    y: 104.0
    z: -1068.0528548404684
    yaw: -126.61255
    pitch: 15.450204
afk: false
