lastAccountName: rgps3725
timestamps:
  login: 1586531267873
  logout: 1586524060187
  lastteleport: 1586531524825
ipAddress: 223.137.162.125
lastlocation:
  world: world_nether
  x: 199.5
  y: 62.0
  z: -36.5
  yaw: 137.82191
  pitch: -23.099216
logoutlocation:
  world: world
  x: -224.40221517373743
  y: 104.0
  z: -1078.564094713132
  yaw: -202.81265
  pitch: 27.450235
homes:
  home:
    world: world
    x: -227.94876787185956
    y: 104.0
    z: -1068.0528548404684
    yaw: -126.61255
    pitch: 15.450204
afk: false
