lastAccountName: rgps3725
timestamps:
  login: 1587997858791
  logout: 1587998837573
  lastteleport: 1587837826189
ipAddress: 59.115.164.55
lastlocation:
  world: world
  x: -386.81590111126485
  y: 79.0
  z: -982.874300062543
  yaw: -174.00528
  pitch: 36.150288
logoutlocation:
  world: world
  x: -215.2776272137645
  y: 78.0
  z: -1070.730743654224
  yaw: 194.58905
  pitch: 7.6502643
homes:
  home:
    world: world
    x: -227.94876787185956
    y: 104.0
    z: -1068.0528548404684
    yaw: -126.61255
    pitch: 15.450204
afk: false
