lastAccountName: rgps3725
timestamps:
  login: 1586601086217
  logout: 1586598412650
  lastteleport: 1586608459259
ipAddress: 59.115.167.134
lastlocation:
  world: world
  x: -211.90270466120148
  y: 78.0
  z: -1040.9927038506619
  yaw: 66.70874
  pitch: 15.000013
logoutlocation:
  world: world
  x: -232.8996901570528
  y: 93.0
  z: -1048.5424996577647
  yaw: -171.48096
  pitch: 4.6500096
homes:
  home:
    world: world
    x: -227.94876787185956
    y: 104.0
    z: -1068.0528548404684
    yaw: -126.61255
    pitch: 15.450204
afk: false
