lastAccountName: rgps3725
timestamps:
  login: 1588684250027
  logout: 1588684549568
  lastteleport: 1588439872142
ipAddress: 61.230.12.122
lastlocation:
  world: world_nether
  x: 399.69999998807907
  y: 73.0
  z: -356.33550909378016
  yaw: -277.70236
  pitch: 34.049603
logoutlocation:
  world: world
  x: -207.72340902059307
  y: 78.0
  z: -1036.398593466695
  yaw: -150.01831
  pitch: 19.650097
homes:
  home:
    world: world
    x: -227.94876787185956
    y: 104.0
    z: -1068.0528548404684
    yaw: -126.61255
    pitch: 15.450204
afk: false
