lastAccountName: rgps3725
timestamps:
  login: 1586668948836
  logout: 1586685957770
  lastteleport: 1586685956392
ipAddress: 59.115.165.106
lastlocation:
  world: world
  x: -99.34941432528781
  y: 12.5
  z: -1120.1376783750536
  yaw: -53.37532
  pitch: 20.700489
logoutlocation:
  world: world
  x: -227.5
  y: 104.0
  z: -1068.5
  yaw: -126.61255
  pitch: 15.6002035
homes:
  home:
    world: world
    x: -227.94876787185956
    y: 104.0
    z: -1068.0528548404684
    yaw: -126.61255
    pitch: 15.450204
afk: false
