lastAccountName: rgps3725
timestamps:
  login: 1586355896969
  logout: 1586277654798
ipAddress: 59.115.166.229
lastlocation:
  world: world
  x: 212.0
  y: 65.0
  z: 271.0
  yaw: 0.0
  pitch: 0.0
logoutlocation:
  world: world
  x: -3566.2082644850116
  y: 63.0
  z: 3524.019244048834
  yaw: 316.80014
  pitch: 7.4999957
