lastAccountName: rgps3725
timestamps:
  login: 1587123152674
  logout: 1587056663033
  lastteleport: 1587055429049
ipAddress: 220.141.24.79
lastlocation:
  world: world
  x: -100.88950935466264
  y: 13.0
  z: -1122.4918956618592
  yaw: 272.52606
  pitch: -5.5500326
logoutlocation:
  world: world
  x: -221.93006472895678
  y: 111.0625
  z: -1092.490492388887
  yaw: 41.536808
  pitch: 7.3500085
homes:
  home:
    world: world
    x: -227.94876787185956
    y: 104.0
    z: -1068.0528548404684
    yaw: -126.61255
    pitch: 15.450204
afk: true
