lastAccountName: rgps3725
timestamps:
  login: 1587228765756
  logout: 1587230575334
  lastteleport: 1587214096052
ipAddress: 59.115.168.93
lastlocation:
  world: world
  x: 214.90955410331753
  y: 73.0
  z: 251.4006579008528
  yaw: -238.729
  pitch: 22.800364
logoutlocation:
  world: world
  x: -101.26446907885325
  y: 13.0
  z: -1120.1861874143372
  yaw: -86.11545
  pitch: 9.150033
homes:
  home:
    world: world
    x: -227.94876787185956
    y: 104.0
    z: -1068.0528548404684
    yaw: -126.61255
    pitch: 15.450204
afk: false
