lastAccountName: rgps3725
timestamps:
  login: 1586788260181
  logout: 1586770550276
  lastteleport: 1586789401167
ipAddress: 59.115.175.58
lastlocation:
  world: world
  x: -224.53773137175068
  y: 104.0
  z: -1069.850306446408
  yaw: 168.55792
  pitch: 18.90007
logoutlocation:
  world: world
  x: -222.51857032112977
  y: 111.0
  z: -1076.058799329593
  yaw: 26.828735
  pitch: 18.14999
homes:
  home:
    world: world
    x: -227.94876787185956
    y: 104.0
    z: -1068.0528548404684
    yaw: -126.61255
    pitch: 15.450204
afk: false
