lastAccountName: rgps3725
timestamps:
  login: 1588003192335
  logout: 1588007880393
  lastteleport: 1588006841690
ipAddress: 223.136.150.137
lastlocation:
  world: world_the_end
  x: 5197.119770498497
  y: 111.0
  z: -2849.699999988079
  yaw: 284.5807
  pitch: 42.598675
logoutlocation:
  world: world
  x: -222.28517274825836
  y: 105.0
  z: -1086.8224167548349
  yaw: -307.6609
  pitch: 31.800081
homes:
  home:
    world: world
    x: -227.94876787185956
    y: 104.0
    z: -1068.0528548404684
    yaw: -126.61255
    pitch: 15.450204
afk: false
