lastAccountName: rgps3725
timestamps:
  login: 1586587660017
  logout: 1586540088697
  lastteleport: 1586590772704
ipAddress: 59.115.167.134
lastlocation:
  world: world
  x: -88.50521680828734
  y: 20.0
  z: -1117.4274564820448
  yaw: -351.31775
  pitch: -8.549975
logoutlocation:
  world: world
  x: -222.9487537915433
  y: 104.0
  z: -1079.2101920050866
  yaw: -174.61258
  pitch: 25.050201
homes:
  home:
    world: world
    x: -227.94876787185956
    y: 104.0
    z: -1068.0528548404684
    yaw: -126.61255
    pitch: 15.450204
afk: false
