lastAccountName: rgps3725
timestamps:
  login: 1586756705559
  logout: 1586712964243
  lastteleport: 1586712962156
ipAddress: 59.115.165.150
lastlocation:
  world: world
  x: -197.0689032930708
  y: 78.0
  z: -1039.074999988079
  yaw: -195.56519
  pitch: 30.60097
logoutlocation:
  world: world
  x: -227.17105684303434
  y: 104.0
  z: -1068.753769913994
  yaw: -129.91252
  pitch: 15.150204
homes:
  home:
    world: world
    x: -227.94876787185956
    y: 104.0
    z: -1068.0528548404684
    yaw: -126.61255
    pitch: 15.450204
afk: false
