lastAccountName: rgps3725
timestamps:
  login: 1586500262838
  logout: 1586498521423
  lastteleport: 1586498509541
ipAddress: 59.115.169.191
lastlocation:
  world: world
  x: -181.4016647095704
  y: 91.0
  z: -1029.597171363813
  yaw: 142.33978
  pitch: -31.199568
logoutlocation:
  world: world
  x: -221.09255681575416
  y: 104.0
  z: -1078.299833829443
  yaw: -111.61249
  pitch: 21.300198
homes:
  home:
    world: world
    x: -227.94876787185956
    y: 104.0
    z: -1068.0528548404684
    yaw: -126.61255
    pitch: 15.450204
afk: false
