lastAccountName: rgps3725
timestamps:
  login: 1586494247034
  logout: 1586443501022
  lastteleport: 1586497231228
ipAddress: 59.115.169.191
lastlocation:
  world: world
  x: -190.2003113944966
  y: 79.0
  z: -1031.4752238841427
  yaw: 122.82422
  pitch: 6.300768
logoutlocation:
  world: world
  x: -220.10757775416346
  y: 104.0
  z: -1075.8232282355225
  yaw: -11.414215
  pitch: 13.200527
homes:
  home:
    world: world
    x: -227.94876787185956
    y: 104.0
    z: -1068.0528548404684
    yaw: -126.61255
    pitch: 15.450204
afk: false
