lastAccountName: rgps3725
timestamps:
  login: 1586693952727
  logout: 1586685957770
  lastteleport: 1586694907692
ipAddress: 59.115.165.106
lastlocation:
  world: world
  x: -194.04368770561183
  y: 79.0
  z: -1068.1154848007905
  yaw: 63.8573
  pitch: 17.400194
logoutlocation:
  world: world
  x: -227.5
  y: 104.0
  z: -1068.5
  yaw: -126.61255
  pitch: 15.6002035
homes:
  home:
    world: world
    x: -227.94876787185956
    y: 104.0
    z: -1068.0528548404684
    yaw: -126.61255
    pitch: 15.450204
afk: false
