lastAccountName: rgps3725
timestamps:
  login: 1586693952727
  logout: 1586685957770
  lastteleport: 1586702179840
ipAddress: 59.115.165.106
lastlocation:
  world: world
  x: -148.19469676804633
  y: 79.5
  z: -1092.850675521933
  yaw: 21.242899
  pitch: 14.100374
logoutlocation:
  world: world
  x: -227.5
  y: 104.0
  z: -1068.5
  yaw: -126.61255
  pitch: 15.6002035
homes:
  home:
    world: world
    x: -227.94876787185956
    y: 104.0
    z: -1068.0528548404684
    yaw: -126.61255
    pitch: 15.450204
afk: false
