lastAccountName: rgps3725
timestamps:
  login: 1586756705559
  logout: 1586770550276
  lastteleport: 1586769653884
ipAddress: 59.115.165.150
lastlocation:
  world: world
  x: -98.5
  y: 12.5
  z: -1120.5
  yaw: 132.68651
  pitch: 33.750027
logoutlocation:
  world: world
  x: -222.51857032112977
  y: 111.0
  z: -1076.058799329593
  yaw: 26.828735
  pitch: 18.14999
homes:
  home:
    world: world
    x: -227.94876787185956
    y: 104.0
    z: -1068.0528548404684
    yaw: -126.61255
    pitch: 15.450204
afk: false
