lastAccountName: rgps3725
timestamps:
  login: 1586538298108
  logout: 1586540088697
  lastteleport: 1586540080419
ipAddress: 223.137.162.125
lastlocation:
  world: world
  x: -100.69999998807909
  y: 13.5
  z: -1120.300000011921
  yaw: 214.46045
  pitch: 16.350052
logoutlocation:
  world: world
  x: -222.9487537915433
  y: 104.0
  z: -1079.2101920050866
  yaw: -174.61258
  pitch: 25.050201
homes:
  home:
    world: world
    x: -227.94876787185956
    y: 104.0
    z: -1068.0528548404684
    yaw: -126.61255
    pitch: 15.450204
afk: false
