lastAccountName: rgps3725
timestamps:
  login: 1586794814815
  logout: 1586794804049
  lastteleport: 1586794499466
ipAddress: 59.115.175.58
lastlocation:
  world: world
  x: -182.26519150588035
  y: 110.4375
  z: -1033.6958397053156
  yaw: 286.6316
  pitch: 36.750416
logoutlocation:
  world: world
  x: -203.37291135762433
  y: 78.0
  z: -1032.0992893917974
  yaw: -177.1665
  pitch: 9.000174
homes:
  home:
    world: world
    x: -227.94876787185956
    y: 104.0
    z: -1068.0528548404684
    yaw: -126.61255
    pitch: 15.450204
afk: false
