lastAccountName: rgps3725
timestamps:
  login: 1586946013579
  logout: 1586949641932
  lastteleport: 1586883742799
ipAddress: 220.141.29.237
lastlocation:
  world: world
  x: -96.4609573050542
  y: 13.0
  z: -1120.4533219282916
  yaw: 7.187311
  pitch: 28.500147
logoutlocation:
  world: world
  x: -225.55642999636
  y: 104.0
  z: -1073.1860561773346
  yaw: 51.062958
  pitch: 12.000565
homes:
  home:
    world: world
    x: -227.94876787185956
    y: 104.0
    z: -1068.0528548404684
    yaw: -126.61255
    pitch: 15.450204
afk: false
