lastAccountName: rgps3725
timestamps:
  login: 1587295053587
  logout: 1587295052109
  lastteleport: 1587295326059
ipAddress: 114.45.127.118
lastlocation:
  world: world
  x: 1458.1472503977272
  y: 108.22047597859552
  z: -6470.311789809988
  yaw: 67.19972
  pitch: 28.051586
logoutlocation:
  world: world
  x: 1076.8223538486989
  y: 82.0
  z: -9738.446571236034
  yaw: -347.55182
  pitch: 19.951338
homes:
  home:
    world: world
    x: -227.94876787185956
    y: 104.0
    z: -1068.0528548404684
    yaw: -126.61255
    pitch: 15.450204
afk: false
