lastAccountName: rgps3725
timestamps:
  login: 1586756705559
  logout: 1586712964243
  lastteleport: 1586759613034
ipAddress: 59.115.165.150
lastlocation:
  world: world
  x: -197.5161382707076
  y: 79.0
  z: -1059.4277693870856
  yaw: 140.71973
  pitch: 2.4000473
logoutlocation:
  world: world
  x: -227.17105684303434
  y: 104.0
  z: -1068.753769913994
  yaw: -129.91252
  pitch: 15.150204
homes:
  home:
    world: world
    x: -227.94876787185956
    y: 104.0
    z: -1068.0528548404684
    yaw: -126.61255
    pitch: 15.450204
afk: false
