lastAccountName: rgps3725
timestamps:
  login: 1586535511926
  logout: 1586524060187
  lastteleport: 1586536449600
ipAddress: 223.137.162.125
lastlocation:
  world: world
  x: -100.69999998807909
  y: 13.5
  z: -1120.3115749959427
  yaw: 217.18903
  pitch: 16.800379
logoutlocation:
  world: world
  x: -224.40221517373743
  y: 104.0
  z: -1078.564094713132
  yaw: -202.81265
  pitch: 27.450235
homes:
  home:
    world: world
    x: -227.94876787185956
    y: 104.0
    z: -1068.0528548404684
    yaw: -126.61255
    pitch: 15.450204
afk: false
