lastAccountName: rgps3725
timestamps:
  login: 1586756705559
  logout: 1586712964243
  lastteleport: 1586763619435
ipAddress: 59.115.165.150
lastlocation:
  world: world
  x: -231.69999998807907
  y: 63.0
  z: -878.3000000119209
  yaw: -195.39282
  pitch: 2.549858
logoutlocation:
  world: world
  x: -227.17105684303434
  y: 104.0
  z: -1068.753769913994
  yaw: -129.91252
  pitch: 15.150204
homes:
  home:
    world: world
    x: -227.94876787185956
    y: 104.0
    z: -1068.0528548404684
    yaw: -126.61255
    pitch: 15.450204
afk: false
