lastAccountName: rgps3725
timestamps:
  login: 1586432233333
  logout: 1586432411049
  lastteleport: 1586432278836
ipAddress: 118.167.173.137
lastlocation:
  world: world
  x: -36.75710651770442
  y: 19.0
  z: -1137.300000011921
  yaw: -195.77397
  pitch: 17.100119
logoutlocation:
  world: world
  x: -129.8158549454994
  y: 80.0
  z: -1104.4996900863393
  yaw: 15.088928
  pitch: 17.400146
homes:
  home:
    world: world
    x: -227.94876787185956
    y: 104.0
    z: -1068.0528548404684
    yaw: -126.61255
    pitch: 15.450204
