lastAccountName: rgps3725
timestamps:
  login: 1587194954622
  logout: 1587194872530
  lastteleport: 1587197071498
ipAddress: 111.71.94.20
lastlocation:
  world: world
  x: -4069.200854006828
  y: 26.0
  z: 2498.9161716179133
  yaw: 223.34355
  pitch: 1.3499941
logoutlocation:
  world: world
  x: -153.20942926732965
  y: 84.5554307598092
  z: -1054.2084500699752
  yaw: -106.05991
  pitch: 19.799969
homes:
  home:
    world: world
    x: -227.94876787185956
    y: 104.0
    z: -1068.0528548404684
    yaw: -126.61255
    pitch: 15.450204
afk: false
