lastAccountName: rgps3725
timestamps:
  login: 1587741537817
  logout: 1587735823923
  lastteleport: 1587744002759
ipAddress: 36.228.128.161
lastlocation:
  world: world
  x: -359.21516248355283
  y: 81.8681355206574
  z: -553.13829344958
  yaw: 11.996275
  pitch: 40.65013
logoutlocation:
  world: world
  x: -219.3638004491634
  y: 12.0
  z: -1041.1689176978116
  yaw: -182.56093
  pitch: 12.899929
homes:
  home:
    world: world
    x: -227.94876787185956
    y: 104.0
    z: -1068.0528548404684
    yaw: -126.61255
    pitch: 15.450204
afk: false
