lastAccountName: rgps3725
timestamps:
  login: 1588003192335
  logout: 1588003180819
  lastteleport: 1588004046967
ipAddress: 223.136.150.137
lastlocation:
  world: world
  x: -218.5
  y: 111.0000002
  z: -1090.5
  yaw: -206.1
  pitch: -30.449997
logoutlocation:
  world: world
  x: -229.38979540264302
  y: 93.0
  z: -1062.6518246327844
  yaw: 108.940636
  pitch: 13.350249
homes:
  home:
    world: world
    x: -227.94876787185956
    y: 104.0
    z: -1068.0528548404684
    yaw: -126.61255
    pitch: 15.450204
afk: false
