lastAccountName: rgps3725
timestamps:
  login: 1586693952727
  logout: 1586685957770
  lastteleport: 1586705797253
ipAddress: 59.115.165.106
lastlocation:
  world: world
  x: -252.72690244895887
  y: 80.0
  z: -1021.6999999880796
  yaw: -92.54731
  pitch: 9.89998
logoutlocation:
  world: world
  x: -227.5
  y: 104.0
  z: -1068.5
  yaw: -126.61255
  pitch: 15.6002035
homes:
  home:
    world: world
    x: -227.94876787185956
    y: 104.0
    z: -1068.0528548404684
    yaw: -126.61255
    pitch: 15.450204
afk: false
