lastAccountName: rgps3725
timestamps:
  login: 1588075854462
  logout: 1588086608538
  lastteleport: 1588086368763
ipAddress: 59.115.167.71
lastlocation:
  world: world
  x: -89.69999998807907
  y: 27.5
  z: -1110.19046618331
  yaw: 7.330139
  pitch: -9.299931
logoutlocation:
  world: world
  x: -284.9046424611626
  y: 76.0
  z: -982.2714836941914
  yaw: 67.33782
  pitch: 31.350195
homes:
  home:
    world: world
    x: -227.94876787185956
    y: 104.0
    z: -1068.0528548404684
    yaw: -126.61255
    pitch: 15.450204
afk: false
