lastAccountName: rgps3725
timestamps:
  login: 1587053097246
  logout: 1587053080439
  lastteleport: 1587054526948
ipAddress: 59.115.165.75
lastlocation:
  world: world
  x: -225.35202934484377
  y: 104.0
  z: -1084.5885092091714
  yaw: -83.86272
  pitch: 19.49997
logoutlocation:
  world: world
  x: -100.68450501671545
  y: 13.0
  z: -1122.280017751651
  yaw: 255.57379
  pitch: 12.149958
homes:
  home:
    world: world
    x: -227.94876787185956
    y: 104.0
    z: -1068.0528548404684
    yaw: -126.61255
    pitch: 15.450204
afk: false
