lastAccountName: rgps3725
timestamps:
  login: 1586601086217
  logout: 1586613313710
  lastteleport: 1586613211953
ipAddress: 59.115.167.134
lastlocation:
  world: world
  x: -97.7932108450776
  y: 13.0
  z: -1120.1190642429867
  yaw: -31.970276
  pitch: 37.05026
logoutlocation:
  world: world
  x: -224.85758553166235
  y: 104.0
  z: -1084.3958164147975
  yaw: -3.0127563
  pitch: 21.750246
homes:
  home:
    world: world
    x: -227.94876787185956
    y: 104.0
    z: -1068.0528548404684
    yaw: -126.61255
    pitch: 15.450204
afk: false
