lastAccountName: rgps3725
timestamps:
  login: 1587741537817
  logout: 1587735823923
  lastteleport: 1587662199666
ipAddress: 36.228.128.161
lastlocation:
  world: world
  x: -99.26789637847803
  y: 12.5
  z: -1120.3060885597356
  yaw: -11.595326
  pitch: 15.90005
logoutlocation:
  world: world
  x: -219.3638004491634
  y: 12.0
  z: -1041.1689176978116
  yaw: -182.56093
  pitch: 12.899929
homes:
  home:
    world: world
    x: -227.94876787185956
    y: 104.0
    z: -1068.0528548404684
    yaw: -126.61255
    pitch: 15.450204
afk: false
