lastAccountName: rgps3725
timestamps:
  login: 1587123152674
  logout: 1587123833808
  lastteleport: 1587055429049
ipAddress: 220.141.24.79
lastlocation:
  world: world
  x: -100.88950935466264
  y: 13.0
  z: -1122.4918956618592
  yaw: 272.52606
  pitch: -5.5500326
logoutlocation:
  world: world
  x: -230.3864852829292
  y: 122.0
  z: -1083.503535786948
  yaw: 265.78946
  pitch: 38.250244
homes:
  home:
    world: world
    x: -227.94876787185956
    y: 104.0
    z: -1068.0528548404684
    yaw: -126.61255
    pitch: 15.450204
afk: false
