lastAccountName: rgps3725
timestamps:
  login: 1586355896969
  logout: 1586367819789
ipAddress: 59.115.166.229
lastlocation:
  world: world
  x: 212.0
  y: 65.0
  z: 271.0
  yaw: 0.0
  pitch: 0.0
logoutlocation:
  world: world
  x: -223.52869651924345
  y: 104.0
  z: -1066.1575947554109
  yaw: -167.10278
  pitch: 10.650255
