lastAccountName: rgps3725
timestamps:
  login: 1587042567066
  logout: 1587042529838
  lastteleport: 1587044123401
ipAddress: 223.137.162.125
lastlocation:
  world: world
  x: -221.37879221081698
  y: 104.0
  z: -1074.39995917371
  yaw: 129.43768
  pitch: 36.150192
logoutlocation:
  world: world
  x: -170.34688293300906
  y: 9.0
  z: -1124.7525516104465
  yaw: -274.8116
  pitch: 13.199838
homes:
  home:
    world: world
    x: -227.94876787185956
    y: 104.0
    z: -1068.0528548404684
    yaw: -126.61255
    pitch: 15.450204
afk: false
