lastAccountName: rgps3725
timestamps:
  login: 1587796632693
  logout: 1587796914914
  lastteleport: 1587744002759
ipAddress: 118.169.15.137
lastlocation:
  world: world
  x: -359.21516248355283
  y: 81.8681355206574
  z: -553.13829344958
  yaw: 11.996275
  pitch: 40.65013
logoutlocation:
  world: world
  x: -232.29346978620333
  y: 84.1875
  z: -981.3906435036547
  yaw: 99.57468
  pitch: 11.999991
homes:
  home:
    world: world
    x: -227.94876787185956
    y: 104.0
    z: -1068.0528548404684
    yaw: -126.61255
    pitch: 15.450204
afk: false
