lastAccountName: rgps3725
timestamps:
  login: 1586668948836
  logout: 1586668913070
  lastteleport: 1586679442807
ipAddress: 59.115.165.106
lastlocation:
  world: world
  x: -192.0061455922388
  y: 78.0
  z: -1048.643049400458
  yaw: 71.38753
  pitch: 8.400022
logoutlocation:
  world: world
  x: -230.66537711882972
  y: 111.0
  z: -1064.313126826142
  yaw: 91.037476
  pitch: 9.300163
homes:
  home:
    world: world
    x: -227.94876787185956
    y: 104.0
    z: -1068.0528548404684
    yaw: -126.61255
    pitch: 15.450204
afk: false
