lastAccountName: rgps3725
timestamps:
  login: 1586693952727
  logout: 1586685957770
  lastteleport: 1586697145052
ipAddress: 59.115.165.106
lastlocation:
  world: world
  x: -231.93800972090614
  y: 106.5
  z: -1075.7496516296437
  yaw: 184.94975
  pitch: -46.050022
logoutlocation:
  world: world
  x: -227.5
  y: 104.0
  z: -1068.5
  yaw: -126.61255
  pitch: 15.6002035
homes:
  home:
    world: world
    x: -227.94876787185956
    y: 104.0
    z: -1068.0528548404684
    yaw: -126.61255
    pitch: 15.450204
afk: true
