lastAccountName: rgps3725
timestamps:
  login: 1587287059969
  logout: 1587286975512
  lastteleport: 1587290736434
ipAddress: 114.45.127.118
lastlocation:
  world: world
  x: -165.94082874127835
  y: 17.0
  z: -1122.03605715184
  yaw: 334.6704
  pitch: 33.300114
logoutlocation:
  world: world
  x: -230.85839917527565
  y: 104.0
  z: -1070.831543161161
  yaw: 12.5842285
  pitch: 32.099957
homes:
  home:
    world: world
    x: -227.94876787185956
    y: 104.0
    z: -1068.0528548404684
    yaw: -126.61255
    pitch: 15.450204
afk: false
