lastAccountName: rgps3725
timestamps:
  login: 1587021888674
  logout: 1587020969122
  lastteleport: 1587040504549
ipAddress: 59.115.165.75
lastlocation:
  world: world
  x: -222.60679711782225
  y: 104.0
  z: -1073.5108106050964
  yaw: -170.86258
  pitch: 66.60021
logoutlocation:
  world: world
  x: -228.6461464236147
  y: 111.0
  z: -1069.6711699586674
  yaw: 127.68085
  pitch: 2.9999945
homes:
  home:
    world: world
    x: -227.94876787185956
    y: 104.0
    z: -1068.0528548404684
    yaw: -126.61255
    pitch: 15.450204
afk: true
