lastAccountName: rgps3725
timestamps:
  login: 1588439543878
  logout: 1588439877420
  lastteleport: 1588439872142
ipAddress: 118.169.12.243
lastlocation:
  world: world_nether
  x: 399.69999998807907
  y: 73.0
  z: -356.33550909378016
  yaw: -277.70236
  pitch: 34.049603
logoutlocation:
  world: world
  x: -227.5
  y: 104.0
  z: -1068.5
  yaw: -126.61255
  pitch: 15.450204
homes:
  home:
    world: world
    x: -227.94876787185956
    y: 104.0
    z: -1068.0528548404684
    yaw: -126.61255
    pitch: 15.450204
afk: false
