lastAccountName: rgps3725
timestamps:
  login: 1586601086217
  logout: 1586598412650
  lastteleport: 1586607076996
ipAddress: 59.115.167.134
lastlocation:
  world: world
  x: -218.50060472512175
  y: 79.0
  z: -1032.7960995496642
  yaw: 68.59827
  pitch: 13.349543
logoutlocation:
  world: world
  x: -232.8996901570528
  y: 93.0
  z: -1048.5424996577647
  yaw: -171.48096
  pitch: 4.6500096
homes:
  home:
    world: world
    x: -227.94876787185956
    y: 104.0
    z: -1068.0528548404684
    yaw: -126.61255
    pitch: 15.450204
afk: false
