lastAccountName: rgps3725
timestamps:
  login: 1586500262838
  logout: 1586501257476
  lastteleport: 1586498509541
ipAddress: 59.115.169.191
lastlocation:
  world: world
  x: -181.4016647095704
  y: 91.0
  z: -1029.597171363813
  yaw: 142.33978
  pitch: -31.199568
logoutlocation:
  world: world
  x: -211.53825991809416
  y: 102.0
  z: -1056.9753663755896
  yaw: 323.5333
  pitch: 31.65006
homes:
  home:
    world: world
    x: -227.94876787185956
    y: 104.0
    z: -1068.0528548404684
    yaw: -126.61255
    pitch: 15.450204
afk: false
