lastAccountName: rgps3725
timestamps:
  login: 1605420518729
  logout: 1605421181467
  lastteleport: 1605420890388
ipAddress: 59.115.187.106
lastlocation:
  world: world
  x: -377.69999998807907
  y: 66.0
  z: -1357.300000011921
  yaw: -354.17816
  pitch: -14.699974
logoutlocation:
  world: world
  x: -407.431260161218
  y: 77.0
  z: -1068.300000011921
  yaw: -30.027832
  pitch: 25.800133
homes:
  home:
    world: world
    x: -227.94876787185956
    y: 104.0
    z: -1068.0528548404684
    yaw: -126.61255
    pitch: 15.450204
afk: false
