lastAccountName: rgps3725
timestamps:
  login: 1586441260211
  logout: 1586443501022
  lastteleport: 1586432278836
ipAddress: 118.167.173.137
lastlocation:
  world: world
  x: -36.75710651770442
  y: 19.0
  z: -1137.300000011921
  yaw: -195.77397
  pitch: 17.100119
logoutlocation:
  world: world
  x: -220.10757775416346
  y: 104.0
  z: -1075.8232282355225
  yaw: -11.414215
  pitch: 13.200527
homes:
  home:
    world: world
    x: -227.94876787185956
    y: 104.0
    z: -1068.0528548404684
    yaw: -126.61255
    pitch: 15.450204
afk: false
