lastAccountName: rgps3725
timestamps:
  login: 1586618080641
  logout: 1586613313710
  lastteleport: 1586619122311
ipAddress: 223.137.162.125
lastlocation:
  world: world
  x: -219.66974840511534
  y: 104.0
  z: -1082.026350829131
  yaw: 11.383667
  pitch: 25.500025
logoutlocation:
  world: world
  x: -224.85758553166235
  y: 104.0
  z: -1084.3958164147975
  yaw: -3.0127563
  pitch: 21.750246
homes:
  home:
    world: world
    x: -227.94876787185956
    y: 104.0
    z: -1068.0528548404684
    yaw: -126.61255
    pitch: 15.450204
afk: false
