lastAccountName: rgps3725
timestamps:
  login: 1587477160058
  logout: 1587489065208
  lastteleport: 1587488404089
ipAddress: 59.115.166.168
lastlocation:
  world: world
  x: -101.35603853154625
  y: 13.0
  z: -1121.900342553452
  yaw: 250.18726
  pitch: -2.8493874
logoutlocation:
  world: world
  x: -218.70124024430407
  y: 111.5625
  z: -1090.0581875034084
  yaw: -174.61053
  pitch: 43.950027
homes:
  home:
    world: world
    x: -227.94876787185956
    y: 104.0
    z: -1068.0528548404684
    yaw: -126.61255
    pitch: 15.450204
afk: false
