lastAccountName: rgps3725
timestamps:
  login: 1586186663145
  logout: 1586195085814
ipAddress: 118.167.175.163
lastlocation:
  world: world
  x: 212.0
  y: 65.0
  z: 271.0
  yaw: 0.0
  pitch: 0.0
logoutlocation:
  world: world
  x: -3565.8551026393598
  y: 63.0
  z: 3522.676945832971
  yaw: 138.55777
  pitch: 33.300453
