lastAccountName: rgps3725
timestamps:
  login: 1587399801393
  logout: 1587403672298
  lastteleport: 1587400201066
ipAddress: 114.24.32.174
lastlocation:
  world: world
  x: -534.6007371443189
  y: 78.0
  z: 12044.906517147463
  yaw: -174.84875
  pitch: 26.099949
logoutlocation:
  world: world
  x: -224.4311749139054
  y: 104.0
  z: -1075.3182445826062
  yaw: 207.56311
  pitch: 27.149899
homes:
  home:
    world: world
    x: -227.94876787185956
    y: 104.0
    z: -1068.0528548404684
    yaw: -126.61255
    pitch: 15.450204
afk: false
