lastAccountName: rgps3725
timestamps:
  login: 1586865411256
  logout: 1586800213585
  lastteleport: 1586869968437
ipAddress: 118.167.174.69
lastlocation:
  world: world
  x: 302.65454662407024
  y: 84.29061618733047
  z: -1097.6413001297028
  yaw: 108.92212
  pitch: 23.850231
logoutlocation:
  world: world
  x: -219.67087782116081
  y: 104.0
  z: -1085.614189373116
  yaw: 9.74585
  pitch: 18.299961
homes:
  home:
    world: world
    x: -227.94876787185956
    y: 104.0
    z: -1068.0528548404684
    yaw: -126.61255
    pitch: 15.450204
afk: false
