lastAccountName: rgps3725
timestamps:
  login: 1587282863115
  logout: 1587230575334
  lastteleport: 1587284494230
ipAddress: 114.45.127.118
lastlocation:
  world: world
  x: -88.55092224942106
  y: 25.506831395411982
  z: -1112.300000011921
  yaw: 68.38819
  pitch: 23.400259
logoutlocation:
  world: world
  x: -101.26446907885325
  y: 13.0
  z: -1120.1861874143372
  yaw: -86.11545
  pitch: 9.150033
homes:
  home:
    world: world
    x: -227.94876787185956
    y: 104.0
    z: -1068.0528548404684
    yaw: -126.61255
    pitch: 15.450204
afk: false
