lastAccountName: rgps3725
timestamps:
  login: 1586965909996
  logout: 1586969611635
  lastteleport: 1586969336807
ipAddress: 220.141.29.237
lastlocation:
  world: world
  x: -247.5540345663869
  y: 74.0
  z: 8255.312725573467
  yaw: -120.75696
  pitch: 23.700521
logoutlocation:
  world: world
  x: -226.64154613921224
  y: 104.0
  z: -1068.9031879375927
  yaw: 218.38672
  pitch: 15.600276
homes:
  home:
    world: world
    x: -227.94876787185956
    y: 104.0
    z: -1068.0528548404684
    yaw: -126.61255
    pitch: 15.450204
afk: false
