lastAccountName: rgps3725
timestamps:
  login: 1588395665927
  logout: 1588395662829
  lastteleport: 1588401197593
ipAddress: 118.169.12.243
lastlocation:
  world: world
  x: -134.0555330102906
  y: 12.0
  z: -962.231414854085
  yaw: -188.11462
  pitch: 6.8999395
logoutlocation:
  world: world
  x: -219.30624374915948
  y: 104.0
  z: -1084.4928101053608
  yaw: -5.269043
  pitch: 24.149971
homes:
  home:
    world: world
    x: -227.94876787185956
    y: 104.0
    z: -1068.0528548404684
    yaw: -126.61255
    pitch: 15.450204
afk: false
