lastAccountName: rgps3725
timestamps:
  login: 1605331612128
  logout: 1605333303709
  lastteleport: 1588439872142
ipAddress: 59.115.202.133
lastlocation:
  world: world_nether
  x: 399.69999998807907
  y: 73.0
  z: -356.33550909378016
  yaw: -277.70236
  pitch: 34.049603
logoutlocation:
  world: world
  x: -257.69999998807907
  y: 85.0
  z: -999.1291824439334
  yaw: -5.7323503
  pitch: 38.250553
homes:
  home:
    world: world
    x: -227.94876787185956
    y: 104.0
    z: -1068.0528548404684
    yaw: -126.61255
    pitch: 15.450204
afk: false
