lastAccountName: rgps3725
timestamps:
  login: 1587312639439
  logout: 1587313135059
  lastteleport: 1587295326059
ipAddress: 111.71.94.20
lastlocation:
  world: world
  x: 1458.1472503977272
  y: 108.22047597859552
  z: -6470.311789809988
  yaw: 67.19972
  pitch: 28.051586
logoutlocation:
  world: world
  x: -232.48679457058145
  y: 104.0
  z: -1065.9775250874645
  yaw: -1.9363708
  pitch: 29.850023
homes:
  home:
    world: world
    x: -227.94876787185956
    y: 104.0
    z: -1068.0528548404684
    yaw: -126.61255
    pitch: 15.450204
afk: false
