lastAccountName: rgps3725
timestamps:
  login: 1586668948836
  logout: 1586668913070
  lastteleport: 1586668660155
ipAddress: 59.115.165.106
lastlocation:
  world: world
  x: -196.12585141179002
  y: 79.0
  z: -1064.0318899989131
  yaw: -37.684692
  pitch: 19.800426
logoutlocation:
  world: world
  x: -230.66537711882972
  y: 111.0
  z: -1064.313126826142
  yaw: 91.037476
  pitch: 9.300163
homes:
  home:
    world: world
    x: -227.94876787185956
    y: 104.0
    z: -1068.0528548404684
    yaw: -126.61255
    pitch: 15.450204
afk: false
