lastAccountName: rgps3725
timestamps:
  login: 1587050313255
  logout: 1587047148111
  lastteleport: 1587050458168
ipAddress: 223.137.162.125
lastlocation:
  world: world
  x: -101.51793810504475
  y: 13.0
  z: -1120.7352788902433
  yaw: -79.35797
  pitch: 10.950079
logoutlocation:
  world: world
  x: -171.68062403219108
  y: 9.0
  z: -1126.237500011921
  yaw: -355.35913
  pitch: -2.1000364
homes:
  home:
    world: world
    x: -227.94876787185956
    y: 104.0
    z: -1068.0528548404684
    yaw: -126.61255
    pitch: 15.450204
afk: false
