lastAccountName: rgps3725
timestamps:
  login: 1586693952727
  logout: 1586685957770
  lastteleport: 1586694090984
ipAddress: 59.115.165.106
lastlocation:
  world: world
  x: -97.59333569620742
  y: 13.875
  z: -1118.4402842917928
  yaw: 235.77046
  pitch: 21.30071
logoutlocation:
  world: world
  x: -227.5
  y: 104.0
  z: -1068.5
  yaw: -126.61255
  pitch: 15.6002035
homes:
  home:
    world: world
    x: -227.94876787185956
    y: 104.0
    z: -1068.0528548404684
    yaw: -126.61255
    pitch: 15.450204
afk: false
