lastAccountName: rgps3725
timestamps:
  login: 1586965909996
  logout: 1586949641932
  lastteleport: 1586968892707
ipAddress: 220.141.29.237
lastlocation:
  world: world
  x: -193.5444724248125
  y: 78.9375
  z: -1065.5726640837293
  yaw: -74.86247
  pitch: 15.600322
logoutlocation:
  world: world
  x: -225.55642999636
  y: 104.0
  z: -1073.1860561773346
  yaw: 51.062958
  pitch: 12.000565
homes:
  home:
    world: world
    x: -227.94876787185956
    y: 104.0
    z: -1068.0528548404684
    yaw: -126.61255
    pitch: 15.450204
afk: false
