lastAccountName: rgps3725
timestamps:
  login: 1588353622653
  logout: 1588357995529
  lastteleport: 1588357877043
ipAddress: 223.136.150.137
lastlocation:
  world: world
  x: -101.22085857458421
  y: 13.0
  z: -1118.3544497350767
  yaw: 234.8671
  pitch: 17.551352
logoutlocation:
  world: world
  x: -219.30624374915948
  y: 104.0
  z: -1084.4928101053608
  yaw: -5.269043
  pitch: 24.149971
homes:
  home:
    world: world
    x: -227.94876787185956
    y: 104.0
    z: -1068.0528548404684
    yaw: -126.61255
    pitch: 15.450204
afk: false
