lastAccountName: rgps3725
timestamps:
  login: 1586865411256
  logout: 1586884452001
  lastteleport: 1586883742799
ipAddress: 118.167.174.69
lastlocation:
  world: world
  x: -96.4609573050542
  y: 13.0
  z: -1120.4533219282916
  yaw: 7.187311
  pitch: 28.500147
logoutlocation:
  world: world
  x: -227.04639087509355
  y: 104.0
  z: -1069.8551382299602
  yaw: -137.89258
  pitch: 15.300616
homes:
  home:
    world: world
    x: -227.94876787185956
    y: 104.0
    z: -1068.0528548404684
    yaw: -126.61255
    pitch: 15.450204
afk: false
