lastAccountName: rgps3725
timestamps:
  login: 1587477160058
  logout: 1587403672298
  lastteleport: 1587485855476
ipAddress: 59.115.166.168
lastlocation:
  world: world
  x: -100.96293272786049
  y: 13.0
  z: -1122.3260393455212
  yaw: 264.65582
  pitch: -1.2000107
logoutlocation:
  world: world
  x: -224.4311749139054
  y: 104.0
  z: -1075.3182445826062
  yaw: 207.56311
  pitch: 27.149899
homes:
  home:
    world: world
    x: -227.94876787185956
    y: 104.0
    z: -1068.0528548404684
    yaw: -126.61255
    pitch: 15.450204
afk: false
