lastAccountName: rgps3725
timestamps:
  login: 1586522628382
  logout: 1586524060187
  lastteleport: 1586524039695
ipAddress: 59.115.169.191
lastlocation:
  world: world_nether
  x: 199.39842927721523
  y: 62.0
  z: -36.84631684797283
  yaw: 83.67196
  pitch: -1.9492114
logoutlocation:
  world: world
  x: -224.40221517373743
  y: 104.0
  z: -1078.564094713132
  yaw: -202.81265
  pitch: 27.450235
homes:
  home:
    world: world
    x: -227.94876787185956
    y: 104.0
    z: -1068.0528548404684
    yaw: -126.61255
    pitch: 15.450204
afk: false
