lastAccountName: rachelTH884
timestamps:
  login: 1587391048777
  logout: 1587391808482
ipAddress: 1.165.185.60
lastlocation:
  world: world_old
  x: 64.4127941541481
  y: 69.41999998688698
  z: 411.3285906335732
  yaw: -212.2502
  pitch: 9.0004225
logoutlocation:
  world: world-1-8
  x: -266.8675629390853
  y: 78.0
  z: 517.7253708132563
  yaw: -21.297699
  pitch: 12.150106
