lastAccountName: rachelTH884
timestamps:
  login: 1586102536760
  logout: 1586102566668
ipAddress: 125.230.96.8
lastlocation:
  world: world
  x: 215.5
  y: 63.0
  z: 274.5
  yaw: 2.1457815
  pitch: 0.0
logoutlocation:
  world: world
  x: 218.28350590762946
  y: 69.0
  z: 265.8740317322335
  yaw: -317.24957
  pitch: 7.500029
