lastAccountName: rachelTH884
timestamps:
  login: 1587287043047
  logout: 1587287353619
ipAddress: 36.232.173.156
lastlocation:
  world: world
  x: 215.5
  y: 63.0
  z: 274.5
  yaw: 2.1457815
  pitch: 0.0
logoutlocation:
  world: world
  x: 333.25475749052384
  y: 64.0
  z: 381.4543467965783
  yaw: -95.84967
  pitch: 24.6001
