lastAccountName: rachelTH884
timestamps:
  login: 1588407278619
  logout: 1588407474388
ipAddress: 61.224.69.32
lastlocation:
  world: world_old
  x: 64.4127941541481
  y: 69.41999998688698
  z: 411.3285906335732
  yaw: -212.2502
  pitch: 9.0004225
logoutlocation:
  world: world-1-8
  x: -377.30000001192093
  y: 83.0
  z: 485.68917663658675
  yaw: -26.247902
  pitch: -3.150156
