lastAccountName: Andy
timestamps:
  login: 1587287246158
  logout: 1587224310014
  lastteleport: 1587289279125
ipAddress: 220.135.139.86
logoutlocation:
  world: world
  x: -395.899263457873
  y: 68.0
  z: -511.9685691180805
  yaw: -53.998055
  pitch: 13.950156
afk: false
lastlocation:
  world: world
  x: -380.56911634891827
  y: 69.9375
  z: -411.8892104729044
  yaw: 172.2533
  pitch: 27.5995
homes:
  home:
    world: world
    x: -387.30293023222555
    y: 68.0
    z: -506.665333305681
    yaw: 135.15253
    pitch: 10.800291
