lastAccountName: Andy
timestamps:
  login: 1587131970934
  logout: 1587051488746
  lastteleport: 1587137672091
ipAddress: 220.135.139.86
logoutlocation:
  world: world
  x: -385.05357165861466
  y: 65.9375
  z: -434.4556127587005
  yaw: 159.40973
  pitch: 20.565184
afk: false
lastlocation:
  world: world
  x: -313.04613649203975
  y: 70.0
  z: -439.30000001192093
  yaw: 216.2989
  pitch: 34.49991
homes:
  home:
    world: world
    x: -312.43228920744843
    y: 70.0
    z: -440.1345221886536
    yaw: -90.45001
    pitch: 19.649984
