lastAccountName: Andy
timestamps:
  login: 1586696718391
  logout: 1586687247163
  lastteleport: 1586686720855
ipAddress: 220.135.139.86
logoutlocation:
  world: world
  x: -308.4171514001944
  y: 71.0
  z: -440.76249998807907
  yaw: 314.69092
  pitch: 40.35006
afk: false
lastlocation:
  world: world
  x: -371.30000001192093
  y: 70.0
  z: -407.9254255133286
  yaw: 207.35449
  pitch: 18.000156
homes:
  home:
    world: world
    x: -312.43228920744843
    y: 70.0
    z: -440.1345221886536
    yaw: -90.45001
    pitch: 19.649984
