lastAccountName: Andy
timestamps:
  login: 1587300691106
  logout: 1587291811949
  lastteleport: 1587309945026
ipAddress: 220.135.139.86
logoutlocation:
  world: world
  x: -388.1140033161179
  y: 68.0
  z: -512.6482063731814
  yaw: 357.7699
  pitch: 13.949819
afk: false
lastlocation:
  world: world
  x: -398.7568478903996
  y: 68.0
  z: -507.0638394408584
  yaw: 16.05777
  pitch: 6.000294
homes:
  home:
    world: world
    x: -387.30293023222555
    y: 68.0
    z: -506.665333305681
    yaw: 135.15253
    pitch: 10.800291
