lastAccountName: Andy
timestamps:
  login: 1587300691106
  logout: 1587291811949
  lastteleport: 1587304653726
ipAddress: 220.135.139.86
logoutlocation:
  world: world
  x: -388.1140033161179
  y: 68.0
  z: -512.6482063731814
  yaw: 357.7699
  pitch: 13.949819
afk: true
lastlocation:
  world: world
  x: -350.8292477833074
  y: 63.0
  z: -429.3288466390977
  yaw: 135.69043
  pitch: 16.649813
homes:
  home:
    world: world
    x: -387.30293023222555
    y: 68.0
    z: -506.665333305681
    yaw: 135.15253
    pitch: 10.800291
