lastAccountName: Andy
timestamps:
  login: 1587287246158
  logout: 1587291811949
  lastteleport: 1587291487608
ipAddress: 220.135.139.86
logoutlocation:
  world: world
  x: -388.1140033161179
  y: 68.0
  z: -512.6482063731814
  yaw: 357.7699
  pitch: 13.949819
afk: false
lastlocation:
  world: world
  x: -398.7488528065314
  y: 68.0
  z: -512.1097694169316
  yaw: 144.1521
  pitch: 18.600292
homes:
  home:
    world: world
    x: -387.30293023222555
    y: 68.0
    z: -506.665333305681
    yaw: 135.15253
    pitch: 10.800291
