lastAccountName: Andy
timestamps:
  login: 1586265759026
  logout: 1586273828421
ipAddress: 220.135.139.86
logoutlocation:
  world: world
  x: -313.46208035905846
  y: 70.0
  z: -439.774190664878
  yaw: 342.4879
  pitch: 27.000507
