lastAccountName: Andy
timestamps:
  login: 1587278259512
  logout: 1587224310014
  lastteleport: 1587285657639
ipAddress: 220.135.139.86
logoutlocation:
  world: world
  x: -395.899263457873
  y: 68.0
  z: -511.9685691180805
  yaw: -53.998055
  pitch: 13.950156
afk: false
lastlocation:
  world: world
  x: -391.3817624606482
  y: 68.0
  z: -509.175508680214
  yaw: 216.90038
  pitch: 19.199976
homes:
  home:
    world: world
    x: -387.30293023222555
    y: 68.0
    z: -506.665333305681
    yaw: 135.15253
    pitch: 10.800291
