lastAccountName: Andy
timestamps:
  login: 1587131970934
  logout: 1587141701121
  lastteleport: 1587141581291
ipAddress: 220.135.139.86
logoutlocation:
  world: world
  x: -387.5
  y: 68.0
  z: -506.5
  yaw: 185.70215
  pitch: -36.1497
afk: false
lastlocation:
  world: world
  x: -288.5768218518918
  y: 13.0
  z: -384.93141415702104
  yaw: 71.25043
  pitch: 7.949694
homes:
  home:
    world: world
    x: -387.30293023222555
    y: 68.0
    z: -506.665333305681
    yaw: 135.15253
    pitch: 10.800291
