lastAccountName: Andy
timestamps:
  login: 1587821828757
  logout: 1587823399172
  lastteleport: 1587823173038
ipAddress: 220.135.139.86
logoutlocation:
  world: world
  x: -327.04040891717216
  y: 71.9375
  z: -434.60769247961275
  yaw: 221.33691
  pitch: 15.29977
afk: false
lastlocation:
  world: world
  x: -387.1108533368449
  y: 68.0
  z: -510.8102444522949
  yaw: -318.898
  pitch: 15.600201
homes:
  home:
    world: world
    x: -387.30293023222555
    y: 68.0
    z: -506.665333305681
    yaw: 135.15253
    pitch: 10.800291
