lastAccountName: Andy
timestamps:
  login: 1587300691106
  logout: 1587314490552
  lastteleport: 1587314442826
ipAddress: 220.135.139.86
logoutlocation:
  world: world
  x: -397.4243347801262
  y: 68.0
  z: -506.0004179114111
  yaw: 64.20325
  pitch: 20.100246
afk: false
lastlocation:
  world: world
  x: -336.83435193469904
  y: 73.0
  z: -460.9727375888683
  yaw: -236.26636
  pitch: 16.35065
homes:
  home:
    world: world
    x: -387.30293023222555
    y: 68.0
    z: -506.665333305681
    yaw: 135.15253
    pitch: 10.800291
