lastAccountName: Andy
timestamps:
  login: 1586667462048
  logout: 1586624673295
  lastteleport: 1586674801688
ipAddress: 220.135.139.86
logoutlocation:
  world: world
  x: -314.700000025332
  y: 70.0000002
  z: -439.700000025332
  yaw: 194.16196
  pitch: 18.899994
afk: false
lastlocation:
  world: world
  x: -313.5
  y: 70.0000002
  z: -441.5
  yaw: -9.749999
  pitch: 15.599994
