lastAccountName: Andy
timestamps:
  login: 1587181444594
  logout: 1587203490297
  lastteleport: 1587203092482
ipAddress: 220.135.139.86
logoutlocation:
  world: world
  x: -388.4873849144242
  y: 68.0
  z: -511.59935272764176
  yaw: -129.28741
  pitch: 15.600128
afk: false
lastlocation:
  world: world
  x: -379.69999998807907
  y: 35.0
  z: -430.6549386167856
  yaw: 26.873657
  pitch: 21.450727
homes:
  home:
    world: world
    x: -387.30293023222555
    y: 68.0
    z: -506.665333305681
    yaw: 135.15253
    pitch: 10.800291
