lastAccountName: Andy
timestamps:
  login: 1587300691106
  logout: 1587291811949
  lastteleport: 1587302828577
ipAddress: 220.135.139.86
logoutlocation:
  world: world
  x: -388.1140033161179
  y: 68.0
  z: -512.6482063731814
  yaw: 357.7699
  pitch: 13.949819
afk: false
lastlocation:
  world: world
  x: -334.30000001192093
  y: 69.0000002
  z: -424.337188315434
  yaw: -91.20015
  pitch: 19.649942
homes:
  home:
    world: world
    x: -387.30293023222555
    y: 68.0
    z: -506.665333305681
    yaw: 135.15253
    pitch: 10.800291
