lastAccountName: Andy
timestamps:
  login: 1586701356007
  logout: 1586700344876
  lastteleport: 1586701900896
ipAddress: 220.135.139.86
logoutlocation:
  world: world
  x: -312.1541775446985
  y: 70.0
  z: -440.2629425157587
  yaw: 312.36224
  pitch: 18.449318
afk: false
lastlocation:
  world: world
  x: -353.6927074057765
  y: 66.0
  z: -495.30000001192093
  yaw: 20.340576
  pitch: 18.449429
homes:
  home:
    world: world
    x: -312.43228920744843
    y: 70.0
    z: -440.1345221886536
    yaw: -90.45001
    pitch: 19.649984
