lastAccountName: Andy
timestamps:
  login: 1587181444594
  logout: 1587141701121
  lastteleport: 1587186029747
ipAddress: 220.135.139.86
logoutlocation:
  world: world
  x: -387.5
  y: 68.0
  z: -506.5
  yaw: 185.70215
  pitch: -36.1497
afk: true
lastlocation:
  world: world
  x: -350.69999998807907
  y: 27.0
  z: -434.62084399458445
  yaw: 271.94098
  pitch: 10.34972
homes:
  home:
    world: world
    x: -387.30293023222555
    y: 68.0
    z: -506.665333305681
    yaw: 135.15253
    pitch: 10.800291
