lastAccountName: Andy
timestamps:
  login: 1587047511390
  logout: 1587051488746
  lastteleport: 1587051391325
ipAddress: 220.135.139.86
logoutlocation:
  world: world
  x: -385.05357165861466
  y: 65.9375
  z: -434.4556127587005
  yaw: 159.40973
  pitch: 20.565184
afk: false
lastlocation:
  world: world
  x: -311.13688150563917
  y: 70.0
  z: -440.46124283621873
  yaw: -35.99949
  pitch: 33.000072
homes:
  home:
    world: world
    x: -312.43228920744843
    y: 70.0
    z: -440.1345221886536
    yaw: -90.45001
    pitch: 19.649984
