lastAccountName: Andy
timestamps:
  login: 1586353358496
  logout: 1586358567924
ipAddress: 220.135.139.86
logoutlocation:
  world: world
  x: -313.667938192316
  y: 70.0
  z: -439.7352062968715
  yaw: 156.59503
  pitch: -16.950256
