lastAccountName: Andy
timestamps:
  login: 1586182400142
  logout: 1586186103679
ipAddress: 220.135.139.86
logoutlocation:
  world: world
  x: -313.69999998807907
  y: 70.0
  z: -439.18099944993867
  yaw: -117.148674
  pitch: -28.650076
