lastAccountName: Andy
timestamps:
  login: 1586955953573
  logout: 1586878820704
  lastteleport: 1586961350956
ipAddress: 220.135.139.86
logoutlocation:
  world: world
  x: -310.2113272841061
  y: 70.0
  z: -439.30000001192093
  yaw: -173.92104
  pitch: 6.7895293
afk: false
lastlocation:
  world: world
  x: -367.2924993060223
  y: 63.0
  z: -432.7214555793024
  yaw: 304.63452
  pitch: 5.7000165
homes:
  home:
    world: world
    x: -312.43228920744843
    y: 70.0
    z: -440.1345221886536
    yaw: -90.45001
    pitch: 19.649984
