lastAccountName: Andy
timestamps:
  login: 1587353144804
  logout: 1587376874984
  lastteleport: 1587369095468
ipAddress: 220.135.139.86
logoutlocation:
  world: world
  x: -393.46391996276924
  y: 65.0
  z: -423.989110308745
  yaw: 276.2793
  pitch: 26.550001
afk: false
lastlocation:
  world: world
  x: -393.46391996276924
  y: 65.0
  z: -423.989110308745
  yaw: 276.2793
  pitch: 26.550001
homes:
  home:
    world: world
    x: -387.30293023222555
    y: 68.0
    z: -506.665333305681
    yaw: 135.15253
    pitch: 10.800291
