lastAccountName: Andy
timestamps:
  login: 1586701356007
  logout: 1586706685966
  lastteleport: 1586706320343
ipAddress: 220.135.139.86
logoutlocation:
  world: world
  x: -314.700000025332
  y: 70.0000002
  z: -439.700000025332
  yaw: -241.64825
  pitch: -3.9000013
afk: false
lastlocation:
  world: world
  x: -287.6959828076631
  y: 13.0
  z: -389.4967565249023
  yaw: 19.741943
  pitch: 32.099247
homes:
  home:
    world: world
    x: -312.43228920744843
    y: 70.0
    z: -440.1345221886536
    yaw: -90.45001
    pitch: 19.649984
