lastAccountName: Andy
timestamps:
  login: 1587216630542
  logout: 1587224310014
  lastteleport: 1587224234646
ipAddress: 220.135.139.86
logoutlocation:
  world: world
  x: -395.899263457873
  y: 68.0
  z: -511.9685691180805
  yaw: -53.998055
  pitch: 13.950156
afk: false
lastlocation:
  world: world
  x: -397.69999998807907
  y: 67.0
  z: -438.6814521014393
  yaw: 289.35687
  pitch: 26.251543
homes:
  home:
    world: world
    x: -387.30293023222555
    y: 68.0
    z: -506.665333305681
    yaw: 135.15253
    pitch: 10.800291
