lastAccountName: Andy
timestamps:
  login: 1587181444594
  logout: 1587141701121
  lastteleport: 1587199072187
ipAddress: 220.135.139.86
logoutlocation:
  world: world
  x: -387.5
  y: 68.0
  z: -506.5
  yaw: 185.70215
  pitch: -36.1497
afk: false
lastlocation:
  world: world
  x: -386.69169958312506
  y: 68.0
  z: -505.7947843269062
  yaw: 1.3517151
  pitch: 45.750305
homes:
  home:
    world: world
    x: -387.30293023222555
    y: 68.0
    z: -506.665333305681
    yaw: 135.15253
    pitch: 10.800291
