lastAccountName: Andy
timestamps:
  login: 1586351748871
  logout: 1586351778901
ipAddress: 220.135.139.86
logoutlocation:
  world: world
  x: -313.46208035905846
  y: 70.0
  z: -439.774190664878
  yaw: 338.1381
  pitch: 19.350513
