lastAccountName: Andy
timestamps:
  login: 1587181444594
  logout: 1587141701121
  lastteleport: 1587184307796
ipAddress: 220.135.139.86
logoutlocation:
  world: world
  x: -387.5
  y: 68.0
  z: -506.5
  yaw: 185.70215
  pitch: -36.1497
afk: false
lastlocation:
  world: world
  x: -386.4008569199058
  y: 68.0
  z: -508.17324041571305
  yaw: 110.100586
  pitch: 9.300309
homes:
  home:
    world: world
    x: -387.30293023222555
    y: 68.0
    z: -506.665333305681
    yaw: 135.15253
    pitch: 10.800291
