lastAccountName: Andy
timestamps:
  login: 1586523172342
  logout: 1586445793154
ipAddress: 220.135.139.86
logoutlocation:
  world: world
  x: -313.3993665222337
  y: 70.0
  z: -439.5524952819057
  yaw: 204.21582
  pitch: 24.300802
afk: false
