lastAccountName: Andy
timestamps:
  login: 1586955953573
  logout: 1586878820704
  lastteleport: 1586957972056
ipAddress: 220.135.139.86
logoutlocation:
  world: world
  x: -310.2113272841061
  y: 70.0
  z: -439.30000001192093
  yaw: -173.92104
  pitch: 6.7895293
afk: false
lastlocation:
  world: world
  x: -310.72736661205823
  y: 70.0
  z: -441.4252954626111
  yaw: -107.400185
  pitch: 20.099983
homes:
  home:
    world: world
    x: -312.43228920744843
    y: 70.0
    z: -440.1345221886536
    yaw: -90.45001
    pitch: 19.649984
