lastAccountName: Andy
timestamps:
  login: 1586576529462
  logout: 1586538014044
  lastteleport: 1586589155510
ipAddress: 220.135.139.86
logoutlocation:
  world: world
  x: -682.2056836151045
  y: 74.0
  z: -595.9600189943218
  yaw: -39.418213
  pitch: 15.749649
afk: false
lastlocation:
  world: world
  x: -314.5
  y: 70.0000002
  z: -439.5
  yaw: 343.49997
  pitch: 24.599968
