lastAccountName: Andy
timestamps:
  login: 1587353144804
  logout: 1587314490552
  lastteleport: 1587364229922
ipAddress: 220.135.139.86
logoutlocation:
  world: world
  x: -397.4243347801262
  y: 68.0
  z: -506.0004179114111
  yaw: 64.20325
  pitch: 20.100246
afk: false
lastlocation:
  world: world
  x: -370.09547290051506
  y: 64.0
  z: -426.18934744857745
  yaw: 220.34631
  pitch: 12.600416
homes:
  home:
    world: world
    x: -387.30293023222555
    y: 68.0
    z: -506.665333305681
    yaw: 135.15253
    pitch: 10.800291
