lastAccountName: Andy
timestamps:
  login: 1586785865643
  logout: 1586792715949
  lastteleport: 1586787928417
ipAddress: 220.135.139.86
logoutlocation:
  world: world
  x: -312.9431315887307
  y: 70.0
  z: -440.20749369905445
  yaw: 116.6488
  pitch: 12.750973
afk: false
lastlocation:
  world: world
  x: -314.5
  y: 70.0000002
  z: -439.5
  yaw: -116.700035
  pitch: 12.599991
homes:
  home:
    world: world
    x: -312.43228920744843
    y: 70.0
    z: -440.1345221886536
    yaw: -90.45001
    pitch: 19.649984
