lastAccountName: Andy
timestamps:
  login: 1587353144804
  logout: 1587314490552
  lastteleport: 1587356315868
ipAddress: 220.135.139.86
logoutlocation:
  world: world
  x: -397.4243347801262
  y: 68.0
  z: -506.0004179114111
  yaw: 64.20325
  pitch: 20.100246
afk: true
lastlocation:
  world: world
  x: -387.9020880125955
  y: 68.0
  z: -507.29821871671095
  yaw: 147.45227
  pitch: 19.800251
homes:
  home:
    world: world
    x: -387.30293023222555
    y: 68.0
    z: -506.665333305681
    yaw: 135.15253
    pitch: 10.800291
