lastAccountName: Andy
timestamps:
  login: 1587131970934
  logout: 1587051488746
  lastteleport: 1587133040147
ipAddress: 220.135.139.86
logoutlocation:
  world: world
  x: -385.05357165861466
  y: 65.9375
  z: -434.4556127587005
  yaw: 159.40973
  pitch: 20.565184
afk: true
lastlocation:
  world: world
  x: -335.05692182451014
  y: 68.0
  z: -527.8809432388631
  yaw: 246.45325
  pitch: 10.349016
homes:
  home:
    world: world
    x: -312.43228920744843
    y: 70.0
    z: -440.1345221886536
    yaw: -90.45001
    pitch: 19.649984
