lastAccountName: Andy
timestamps:
  login: 1586667462048
  logout: 1586624673295
  lastteleport: 1586684339007
ipAddress: 220.135.139.86
logoutlocation:
  world: world
  x: -314.700000025332
  y: 70.0000002
  z: -439.700000025332
  yaw: 194.16196
  pitch: 18.899994
afk: false
lastlocation:
  world: world
  x: -1044.5455873150554
  y: 78.0
  z: 109.01996830598192
  yaw: 172.71228
  pitch: 13.650654
homes:
  home:
    world: world
    x: -312.43228920744843
    y: 70.0
    z: -440.1345221886536
    yaw: -90.45001
    pitch: 19.649984
