lastAccountName: Andy
timestamps:
  login: 1586615365931
  logout: 1586624673295
  lastteleport: 1586617755346
ipAddress: 220.135.139.86
logoutlocation:
  world: world
  x: -314.700000025332
  y: 70.0000002
  z: -439.700000025332
  yaw: 194.16196
  pitch: 18.899994
afk: false
lastlocation:
  world: world
  x: -314.5
  y: 70.0000002
  z: -439.5
  yaw: 231.74992
  pitch: 21.15004
