lastAccountName: Andy
timestamps:
  login: 1586667462048
  logout: 1586624673295
  lastteleport: 1586677145483
ipAddress: 220.135.139.86
logoutlocation:
  world: world
  x: -314.700000025332
  y: 70.0000002
  z: -439.700000025332
  yaw: 194.16196
  pitch: 18.899994
afk: false
lastlocation:
  world: world
  x: -313.30000001192093
  y: 70.0
  z: -440.8740044464138
  yaw: 35.700226
  pitch: -17.550026
homes:
  home:
    world: world
    x: -312.43228920744843
    y: 70.0
    z: -440.1345221886536
    yaw: -90.45001
    pitch: 19.649984
