lastAccountName: wolf
timestamps:
  login: 1587987551478
  logout: 1587990439567
  lastteleport: 1587777404123
ipAddress: 115.165.203.20
afk: false
logoutlocation:
  world: world
  x: 302.580420015784
  y: 70.0
  z: 1548.2145017139007
  yaw: 33.56299
  pitch: 19.500088
lastlocation:
  world: world
  x: 619.3344571492232
  y: 64.0
  z: 768.0428174727367
  yaw: 7.7548494
  pitch: 31.500063
