lastAccountName: wolf
timestamps:
  login: 1589200698008
  logout: 1589203659702
  lastteleport: 1589203635126
ipAddress: 115.165.203.20
afk: false
logoutlocation:
  world: world
  x: 299.52561047143894
  y: 70.0
  z: 1553.9752062988864
  yaw: 24.824448
  pitch: 5.100057
lastlocation:
  world: world
  x: 599.6935046205529
  y: 65.0
  z: 749.5010589131008
  yaw: 347.92053
  pitch: 19.650196
