lastAccountName: wolf
timestamps:
  login: 1587464584199
  logout: 1587467402857
  lastteleport: 1587466827076
ipAddress: 115.165.203.20
afk: false
logoutlocation:
  world: world
  x: 298.4730858213787
  y: 70.0
  z: 1553.1441931138309
  yaw: 348.8152
  pitch: 15.300004
lastlocation:
  world: world
  x: 218.85017345276356
  y: 63.09375
  z: 284.45629367319515
  yaw: 114.83631
  pitch: 27.449999
