lastAccountName: wolf
timestamps:
  login: 1587723483964
  logout: 1587644410952
  lastteleport: 1587466827076
ipAddress: 115.165.203.20
afk: false
logoutlocation:
  world: world
  x: 303.7532645952924
  y: 64.0
  z: 1536.2955863644256
  yaw: -90.50574
  pitch: 6.4497795
lastlocation:
  world: world
  x: 218.85017345276356
  y: 63.09375
  z: 284.45629367319515
  yaw: 114.83631
  pitch: 27.449999
