lastAccountName: wolf
timestamps:
  login: 1586491067047
  logout: 1586487528618
  lastteleport: 1586479874885
ipAddress: 115.165.203.20
afk: false
logoutlocation:
  world: world
  x: 309.15346460790715
  y: 9.0
  z: 1487.3179333200128
  yaw: 249.15527
  pitch: -2.6988866
lastlocation:
  world: world_nether
  x: 271.17834391689115
  y: 78.0
  z: 219.76823221363082
  yaw: 193.96509
  pitch: 12.450258
