lastAccountName: wolf
timestamps:
  login: 1587082406891
  logout: 1587038810479
  lastteleport: 1586479874885
ipAddress: 115.165.203.20
afk: false
logoutlocation:
  world: world
  x: 298.7145281491369
  y: 70.0
  z: 1552.4592305693259
  yaw: 6.104706
  pitch: 5.850004
lastlocation:
  world: world_nether
  x: 271.17834391689115
  y: 78.0
  z: 219.76823221363082
  yaw: 193.96509
  pitch: 12.450258
