lastAccountName: wolf
timestamps:
  login: 1587108103997
  logout: 1587113715113
  lastteleport: 1586479874885
ipAddress: 115.165.203.20
afk: false
logoutlocation:
  world: world
  x: 297.2769467764281
  y: 70.0
  z: 1550.847934923383
  yaw: 130.08475
  pitch: 2.8499851
lastlocation:
  world: world_nether
  x: 271.17834391689115
  y: 78.0
  z: 219.76823221363082
  yaw: 193.96509
  pitch: 12.450258
