lastAccountName: wolf
timestamps:
  login: 1592701559345
  logout: 1592703098353
  lastteleport: 1589681051798
ipAddress: 180.218.44.217
afk: false
logoutlocation:
  world: world
  x: 297.2602534432291
  y: 70.0
  z: 1553.0852221938346
  yaw: 316.26123
  pitch: 36.29999
lastlocation:
  world: world
  x: 559.8899010557133
  y: 70.9375
  z: 758.7645054429438
  yaw: 11.155994
  pitch: 15.449833
