lastAccountName: wolf
timestamps:
  login: 1586178794928
  logout: 1586180953089
ipAddress: 115.165.203.20
afk: false
logoutlocation:
  world: world
  x: 262.3188909927087
  y: 63.0
  z: 1417.7490634448698
  yaw: 349.792
  pitch: 32.55007
