lastAccountName: wolf
timestamps:
  login: 1586663675989
  logout: 1586658458592
  lastteleport: 1586479874885
ipAddress: 115.165.203.20
afk: false
logoutlocation:
  world: world
  x: 262.9464622482909
  y: 63.0
  z: 1417.4604312272193
  yaw: 213.90607
  pitch: 27.14988
lastlocation:
  world: world_nether
  x: 271.17834391689115
  y: 78.0
  z: 219.76823221363082
  yaw: 193.96509
  pitch: 12.450258
