lastAccountName: wolf
timestamps:
  login: 1587203861576
  logout: 1587207102728
  lastteleport: 1586479874885
ipAddress: 115.165.203.20
afk: false
logoutlocation:
  world: world
  x: 298.0380251965504
  y: 70.0
  z: 1553.4997234838543
  yaw: -357.08884
  pitch: 10.199967
lastlocation:
  world: world_nether
  x: 271.17834391689115
  y: 78.0
  z: 219.76823221363082
  yaw: 193.96509
  pitch: 12.450258
