lastAccountName: wolf
timestamps:
  login: 1589592928514
  logout: 1589595693838
  lastteleport: 1589595528321
ipAddress: 115.165.203.20
afk: false
logoutlocation:
  world: world
  x: 298.33430056987953
  y: 70.0
  z: 1553.1028661433172
  yaw: 356.60312
  pitch: 22.20006
lastlocation:
  world: world
  x: 600.0030599308707
  y: 62.0
  z: 657.8939370112312
  yaw: -72.09631
  pitch: 11.549921
