lastAccountName: wolf
timestamps:
  login: 1586491067047
  logout: 1586505857684
  lastteleport: 1586479874885
ipAddress: 115.165.203.20
afk: false
logoutlocation:
  world: world
  x: 262.9648827386188
  y: 63.0
  z: 1418.0668157011844
  yaw: 17.55542
  pitch: 51.149696
lastlocation:
  world: world_nether
  x: 271.17834391689115
  y: 78.0
  z: 219.76823221363082
  yaw: 193.96509
  pitch: 12.450258
