lastAccountName: wolf
timestamps:
  login: 1587808021532
  logout: 1587812743811
  lastteleport: 1587777404123
ipAddress: 115.165.203.20
afk: false
logoutlocation:
  world: world
  x: 298.30036737404004
  y: 70.0
  z: 1553.3028149364015
  yaw: 344.95386
  pitch: -3.9000242
lastlocation:
  world: world
  x: 619.3344571492232
  y: 64.0
  z: 768.0428174727367
  yaw: 7.7548494
  pitch: 31.500063
