lastAccountName: wolf
timestamps:
  login: 1587379393102
  logout: 1587386172174
  lastteleport: 1586479874885
ipAddress: 115.165.203.20
afk: false
logoutlocation:
  world: world
  x: 297.2610161848779
  y: 70.0
  z: 1553.5556650682397
  yaw: 27.048218
  pitch: -38.550045
lastlocation:
  world: world_nether
  x: 271.17834391689115
  y: 78.0
  z: 219.76823221363082
  yaw: 193.96509
  pitch: 12.450258
