lastAccountName: wolf
timestamps:
  login: 1589367389875
  logout: 1589371250130
  lastteleport: 1589289769970
ipAddress: 115.165.203.20
afk: false
logoutlocation:
  world: world
  x: 299.3871928322716
  y: 70.0
  z: 1553.3009118852806
  yaw: 57.968018
  pitch: 22.499985
lastlocation:
  world: world
  x: 617.2238678279525
  y: 63.9375
  z: 740.5355934636714
  yaw: 332.4587
  pitch: 13.199974
