lastAccountName: wolf
timestamps:
  login: 1587774519841
  logout: 1587777637372
  lastteleport: 1587777404123
ipAddress: 115.165.203.20
afk: false
logoutlocation:
  world: world
  x: 298.79300661827745
  y: 70.0
  z: 1554.016769907664
  yaw: 29.20487
  pitch: 21.000051
lastlocation:
  world: world
  x: 619.3344571492232
  y: 64.0
  z: 768.0428174727367
  yaw: 7.7548494
  pitch: 31.500063
