lastAccountName: wolf
timestamps:
  login: 1586344887574
  logout: 1586350382746
ipAddress: 115.165.203.20
afk: false
logoutlocation:
  world: world
  x: 261.299999974668
  y: 63.0000002
  z: 1418.299999974668
  yaw: 116.85081
  pitch: 1.3500001
