lastAccountName: wolf
timestamps:
  login: 1586676554942
  logout: 1586682000386
  lastteleport: 1586479874885
ipAddress: 115.165.203.20
afk: false
logoutlocation:
  world: world
  x: 262.96013918785513
  y: 63.0
  z: 1417.245101251102
  yaw: 341.07104
  pitch: 18.450012
lastlocation:
  world: world_nether
  x: 271.17834391689115
  y: 78.0
  z: 219.76823221363082
  yaw: 193.96509
  pitch: 12.450258
