lastAccountName: wolf
timestamps:
  login: 1587131111844
  logout: 1587133528337
  lastteleport: 1586479874885
ipAddress: 115.165.203.20
afk: false
logoutlocation:
  world: world
  x: 297.4538136111239
  y: 70.0
  z: 1553.1790289503099
  yaw: -317.8197
  pitch: 11.85083
lastlocation:
  world: world_nether
  x: 271.17834391689115
  y: 78.0
  z: 219.76823221363082
  yaw: 193.96509
  pitch: 12.450258
