lastAccountName: wolf
timestamps:
  login: 1587169364755
  logout: 1587172663517
  lastteleport: 1586479874885
ipAddress: 115.165.203.20
afk: false
logoutlocation:
  world: world
  x: 297.8303343658911
  y: 70.0
  z: 1553.677373909623
  yaw: 355.98547
  pitch: 18.750017
lastlocation:
  world: world_nether
  x: 271.17834391689115
  y: 78.0
  z: 219.76823221363082
  yaw: 193.96509
  pitch: 12.450258
