lastAccountName: wolf
timestamps:
  login: 1586586046057
  logout: 1586588676447
  lastteleport: 1586479874885
ipAddress: 115.165.203.20
afk: false
logoutlocation:
  world: world
  x: 303.7286615060886
  y: 76.0
  z: 1536.5351832934214
  yaw: 62.56549
  pitch: 15.150118
lastlocation:
  world: world_nether
  x: 271.17834391689115
  y: 78.0
  z: 219.76823221363082
  yaw: 193.96509
  pitch: 12.450258
