lastAccountName: wolf
timestamps:
  login: 1587203861576
  logout: 1587181083334
  lastteleport: 1586479874885
ipAddress: 115.165.203.20
afk: false
logoutlocation:
  world: world
  x: -150.90448817679192
  y: 65.0
  z: 1625.8943131393055
  yaw: 254.10515
  pitch: 24.750643
lastlocation:
  world: world_nether
  x: 271.17834391689115
  y: 78.0
  z: 219.76823221363082
  yaw: 193.96509
  pitch: 12.450258
