lastAccountName: wolf
timestamps:
  login: 1588305787196
  logout: 1588305784069
  lastteleport: 1588307995963
ipAddress: 115.165.203.20
afk: false
logoutlocation:
  world: world
  x: 254.20305714593894
  y: 63.0
  z: 1462.8678360058339
  yaw: 145.60078
  pitch: 0.14995019
lastlocation:
  world: world
  x: 619.819298221638
  y: 64.0
  z: 763.3302419400896
  yaw: 188.64389
  pitch: 14.399979
