lastAccountName: wolf
timestamps:
  login: 1589677755616
  logout: 1589681085785
  lastteleport: 1589681051798
ipAddress: 115.165.203.20
afk: false
logoutlocation:
  world: world
  x: 297.113940054999
  y: 70.0
  z: 1552.4184545126416
  yaw: -70.593895
  pitch: 22.349852
lastlocation:
  world: world
  x: 559.8899010557133
  y: 70.9375
  z: 758.7645054429438
  yaw: 11.155994
  pitch: 15.449833
