lastAccountName: wolf
timestamps:
  login: 1589021233610
  logout: 1589024169595
  lastteleport: 1589024068939
ipAddress: 115.165.203.20
afk: false
logoutlocation:
  world: world
  x: 300.6496771052079
  y: 70.0
  z: 1550.6987024134983
  yaw: 198.21587
  pitch: 14.550437
lastlocation:
  world: world
  x: -221.76539811360908
  y: 78.0
  z: -1054.0625207455114
  yaw: 16.865545
  pitch: 0.3004291
