lastAccountName: wolf
timestamps:
  login: 1587551538788
  logout: 1587477115079
  lastteleport: 1587466827076
ipAddress: 115.165.203.20
afk: false
logoutlocation:
  world: world
  x: 299.1897471164004
  y: 70.0
  z: 1553.6663583884722
  yaw: 18.811771
  pitch: 11.400056
lastlocation:
  world: world
  x: 218.85017345276356
  y: 63.09375
  z: 284.45629367319515
  yaw: 114.83631
  pitch: 27.449999
