lastAccountName: wolf
timestamps:
  login: 1586344887574
  logout: 1586264299252
ipAddress: 115.165.203.20
afk: false
logoutlocation:
  world: world
  x: 263.0454012088556
  y: 63.0
  z: 1418.3027110571334
  yaw: -58.80335
  pitch: 16.80009
