lastAccountName: wolf
timestamps:
  login: 1586652626550
  logout: 1586600560411
  lastteleport: 1586479874885
ipAddress: 115.165.203.20
afk: false
logoutlocation:
  world: world
  x: 263.4048199670249
  y: 63.0
  z: 1423.1100373571924
  yaw: 184.96387
  pitch: 6.0001087
lastlocation:
  world: world_nether
  x: 271.17834391689115
  y: 78.0
  z: 219.76823221363082
  yaw: 193.96509
  pitch: 12.450258
