lastAccountName: wolf
timestamps:
  login: 1586429696873
  logout: 1586438703987
ipAddress: 115.165.203.20
afk: false
logoutlocation:
  world: world
  x: 262.6814031467834
  y: 63.0
  z: 1417.3252637842932
  yaw: -1.3340205
  pitch: 23.400236
