lastAccountName: wolf
timestamps:
  login: 1588250440645
  logout: 1588254498903
  lastteleport: 1587777404123
ipAddress: 115.165.203.20
afk: false
logoutlocation:
  world: world
  x: 254.20305714593894
  y: 63.0
  z: 1462.8678360058339
  yaw: 113.050804
  pitch: 8.549953
lastlocation:
  world: world
  x: 619.3344571492232
  y: 64.0
  z: 768.0428174727367
  yaw: 7.7548494
  pitch: 31.500063
