lastAccountName: wolf
timestamps:
  login: 1589457939395
  logout: 1589461283489
  lastteleport: 1589460403502
ipAddress: 115.165.203.20
afk: false
logoutlocation:
  world: world
  x: 300.3258554328317
  y: 70.0
  z: 1552.590624394801
  yaw: 359.61902
  pitch: 13.349974
lastlocation:
  world: world
  x: 661.5
  y: 65.0
  z: 861.5
  yaw: -307.581
  pitch: 29.549824
