lastAccountName: wolf
timestamps:
  login: 1587639924986
  logout: 1587557069879
  lastteleport: 1587466827076
ipAddress: 115.165.203.20
afk: false
logoutlocation:
  world: world
  x: 298.9843821887664
  y: 70.0
  z: 1551.8852445658513
  yaw: 326.1844
  pitch: 8.100473
lastlocation:
  world: world
  x: 218.85017345276356
  y: 63.09375
  z: 284.45629367319515
  yaw: 114.83631
  pitch: 27.449999
