lastAccountName: wolf
timestamps:
  login: 1588305787196
  logout: 1588308146333
  lastteleport: 1588307995963
ipAddress: 115.165.203.20
afk: false
logoutlocation:
  world: world
  x: 296.8863796282609
  y: 70.0
  z: 1546.6515172025056
  yaw: 355.7432
  pitch: 18.900425
lastlocation:
  world: world
  x: 619.819298221638
  y: 64.0
  z: 763.3302419400896
  yaw: 188.64389
  pitch: 14.399979
