lastAccountName: wolf
timestamps:
  login: 1586775627513
  logout: 1586696195254
  lastteleport: 1586479874885
ipAddress: 115.165.203.20
afk: false
logoutlocation:
  world: world
  x: 301.55130853821385
  y: 70.0
  z: 1552.8622108850575
  yaw: 307.04724
  pitch: 5.850071
lastlocation:
  world: world_nether
  x: 271.17834391689115
  y: 78.0
  z: 219.76823221363082
  yaw: 193.96509
  pitch: 12.450258
