lastAccountName: wolf
timestamps:
  login: 1587723483964
  logout: 1587725686734
  lastteleport: 1587466827076
ipAddress: 115.165.203.20
afk: false
logoutlocation:
  world: world
  x: 294.63267792308756
  y: 70.0
  z: 1544.3070487630835
  yaw: 236.05127
  pitch: 4.9498806
lastlocation:
  world: world
  x: 218.85017345276356
  y: 63.09375
  z: 284.45629367319515
  yaw: 114.83631
  pitch: 27.449999
