lastAccountName: wolf
timestamps:
  login: 1589288432926
  logout: 1589290558335
  lastteleport: 1589289769970
ipAddress: 115.165.203.20
afk: false
logoutlocation:
  world: world
  x: 297.52120995756445
  y: 70.0
  z: 1552.4776274610433
  yaw: 354.80872
  pitch: 14.850537
lastlocation:
  world: world
  x: 617.2238678279525
  y: 63.9375
  z: 740.5355934636714
  yaw: 332.4587
  pitch: 13.199974
