lastAccountName: wolf
timestamps:
  login: 1589103910295
  logout: 1589106839126
  lastteleport: 1589105739050
ipAddress: 115.165.203.20
afk: false
logoutlocation:
  world: world
  x: 296.7248281912187
  y: 70.0
  z: 1549.8862825463207
  yaw: 64.86731
  pitch: 0.90029293
lastlocation:
  world: world
  x: 618.2018266972411
  y: 64.5625
  z: 760.3360371017764
  yaw: -204.6799
  pitch: 25.349972
