lastAccountName: wolf
timestamps:
  login: 1586949170692
  logout: 1586953778678
  lastteleport: 1586479874885
ipAddress: 115.165.203.20
afk: false
logoutlocation:
  world: world
  x: 299.0434439997862
  y: 70.0
  z: 1553.2787881920112
  yaw: 18.52832
  pitch: 26.700161
lastlocation:
  world: world_nether
  x: 271.17834391689115
  y: 78.0
  z: 219.76823221363082
  yaw: 193.96509
  pitch: 12.450258
