lastAccountName: wolf
timestamps:
  login: 1586570321820
  logout: 1586574274145
  lastteleport: 1586479874885
ipAddress: 115.165.203.20
afk: false
logoutlocation:
  world: world
  x: 308.56568432451
  y: 9.0
  z: 1486.9107757482398
  yaw: 301.36353
  pitch: 5.8503284
lastlocation:
  world: world_nether
  x: 271.17834391689115
  y: 78.0
  z: 219.76823221363082
  yaw: 193.96509
  pitch: 12.450258
