lastAccountName: wolf
timestamps:
  login: 1587884820576
  logout: 1587889988239
  lastteleport: 1587777404123
ipAddress: 115.165.203.20
afk: false
logoutlocation:
  world: world
  x: 297.960536846934
  y: 70.0
  z: 1553.7828087990465
  yaw: 20.663086
  pitch: 31.049854
lastlocation:
  world: world
  x: 619.3344571492232
  y: 64.0
  z: 768.0428174727367
  yaw: 7.7548494
  pitch: 31.500063
