lastAccountName: wolf
timestamps:
  login: 1588425783256
  logout: 1588427453678
  lastteleport: 1588307995963
ipAddress: 115.165.203.20
afk: false
logoutlocation:
  world: world
  x: 220.68572702277453
  y: 63.0
  z: 1430.3242314543677
  yaw: 209.79149
  pitch: 12.300119
lastlocation:
  world: world
  x: 619.819298221638
  y: 64.0
  z: 763.3302419400896
  yaw: 188.64389
  pitch: 14.399979
