lastAccountName: wolf
timestamps:
  login: 1586676554942
  logout: 1586666746209
  lastteleport: 1586479874885
ipAddress: 115.165.203.20
afk: false
logoutlocation:
  world: world
  x: 263.3068058223356
  y: 63.0
  z: 1417.3236999404112
  yaw: 209.22534
  pitch: 34.799915
lastlocation:
  world: world_nether
  x: 271.17834391689115
  y: 78.0
  z: 219.76823221363082
  yaw: 193.96509
  pitch: 12.450258
