lastAccountName: wolf
timestamps:
  login: 1586859671408
  logout: 1586782433348
  lastteleport: 1586479874885
ipAddress: 115.165.203.20
afk: false
logoutlocation:
  world: world
  x: 299.35255594242125
  y: 70.0
  z: 1553.7349694920226
  yaw: 357.68988
  pitch: 34.350777
lastlocation:
  world: world_nether
  x: 271.17834391689115
  y: 78.0
  z: 219.76823221363082
  yaw: 193.96509
  pitch: 12.450258
