lastAccountName: wolf
timestamps:
  login: 1586570321820
  logout: 1586569639613
  lastteleport: 1586479874885
ipAddress: 115.165.203.20
afk: false
logoutlocation:
  world: world
  x: -157.69999998807907
  y: 65.0
  z: 1626.678742678292
  yaw: 310.5088
  pitch: -43.050068
lastlocation:
  world: world_nether
  x: 271.17834391689115
  y: 78.0
  z: 219.76823221363082
  yaw: 193.96509
  pitch: 12.450258
