lastAccountName: taiwankeiki
timestamps:
  login: 1587213562711
  logout: 1587221849689
  lastteleport: 1587221610164
ipAddress: 114.45.59.93
lastlocation:
  world: world
  x: 2140.9694223711945
  y: 27.0
  z: 2340.4063808003507
  yaw: -78.267876
  pitch: 71.99981
logoutlocation:
  world: world
  x: 2183.5
  y: 64.0
  z: 2286.5
  yaw: 320.1318
  pitch: 18.599882
afk: false
homes:
  home:
    world: world
    x: 2183.1149594582434
    y: 65.0
    z: 2286.928274640084
    yaw: 118.98193
    pitch: 80.99988
