lastAccountName: taiwankeiki
timestamps:
  login: 1586616747945
  logout: 1586616766341
ipAddress: 114.43.93.80
lastlocation:
  world: world
  x: 212.0
  y: 65.0
  z: 271.0
  yaw: 0.0
  pitch: 0.0
logoutlocation:
  world: world
  x: 219.012414337923
  y: 69.0
  z: 265.93729199355784
  yaw: 172.73639
  pitch: 15.599979
afk: false
