spawns: 
  default: 
    world: world
    x: 219.42409291358422
    y: 69.0
    z: 265.21730223244913
    yaw: -17.013733
    pitch: 70.35001
